# transform file /scratch/tmp/fs_mp2rage_tests/sourcedata/freesurfer_mp2rage/sub-fsm22db/mri/transforms/cc_up.lta
# created by bpinsard on Sat Nov 23 21:02:21 2024

type      = 0 # LINEAR_VOX_TO_VOX
nxforms   = 1
mean      = 130.0000 98.0000 124.0000
sigma     = 10000.0000
1 4 4
9.959608316421509e-01 3.863094002008438e-02 8.105345815420151e-02 -1.373579978942871e+01 
-3.850364312529564e-02 9.992535114288330e-01 -3.133510239422321e-03 5.942420196533203e+01 
-8.111400902271271e-02 2.328306436538696e-10 9.967048764228821e-01 2.292706108093262e+01 
0.000000000000000e+00 0.000000000000000e+00 0.000000000000000e+00 1.000000000000000e+00 
src volume info
valid = 1  # volume info valid
filename = /scratch/tmp/fs_mp2rage_tests/sourcedata/freesurfer_mp2rage/sub-fsm22db/mri/norm.mgz
volume = 256 256 256
voxelsize = 1.000000000000000e+00 1.000000000000000e+00 1.000000000000000e+00
xras   = -1.000000119209290e+00 -1.187436282634735e-08 0.000000000000000e+00
yras   = -1.862645149230957e-09 7.450580596923828e-09 -1.000000119209290e+00
zras   = -2.793967723846436e-09 1.000000119209290e+00 0.000000000000000e+00
cras   = 6.181640625000000e-01 1.666818237304688e+01 -1.729837799072266e+01
dst volume info
valid = 1  # volume info valid
filename = /scratch/tmp/fs_mp2rage_tests/sourcedata/freesurfer_mp2rage/sub-fsm22db/mri/norm.mgz
volume = 256 256 256
voxelsize = 1.000000000000000e+00 1.000000000000000e+00 1.000000000000000e+00
xras   = -1.000000119209290e+00 -1.187436282634735e-08 0.000000000000000e+00
yras   = -1.862645149230957e-09 7.450580596923828e-09 -1.000000119209290e+00
zras   = -2.793967723846436e-09 1.000000119209290e+00 0.000000000000000e+00
cras   = 6.181640625000000e-01 1.666818237304688e+01 -1.729837799072266e+01
