# transform file transforms/talairach.lta
# created by bpinsard on Sat Nov 23 17:55:00 2024

type      = 0 # LINEAR_VOX_TO_VOX
nxforms   = 1
mean      = 130.0000 98.0000 124.0000
sigma     = 10000.0000
1 4 4
1.004212379455566e+00 6.350175291299820e-02 1.236043125391006e-01 -2.521719551086426e+01 
-9.079646319150925e-02 1.164060354232788e+00 1.147244200110435e-01 8.655346870422363e+00 
-1.121798753738403e-01 -1.167451143264771e-01 9.804258942604065e-01 1.455267429351807e+01 
0.000000000000000e+00 0.000000000000000e+00 0.000000000000000e+00 1.000000000000000e+00 
src volume info
valid = 1  # volume info valid
filename = nu.mgz
volume = 256 256 256
voxelsize = 1.000000000000000e+00 1.000000000000000e+00 1.000000000000000e+00
xras   = -1.000000119209290e+00 -1.187436282634735e-08 0.000000000000000e+00
yras   = -1.862645149230957e-09 7.450580596923828e-09 -1.000000119209290e+00
zras   = -2.793967723846436e-09 1.000000119209290e+00 0.000000000000000e+00
cras   = 6.181640625000000e-01 1.666818237304688e+01 -1.729837799072266e+01
dst volume info
valid = 1  # volume info valid
filename = /opt/freesurfer/average/RB_all_2020-01-02.gca
volume = 256 256 256
voxelsize = 1.000000000000000e+00 1.000000000000000e+00 1.000000000000000e+00
xras   = -1.000000000000000e+00 0.000000000000000e+00 0.000000000000000e+00
yras   = 0.000000000000000e+00 0.000000000000000e+00 -1.000000000000000e+00
zras   = 0.000000000000000e+00 1.000000000000000e+00 0.000000000000000e+00
cras   = 0.000000000000000e+00 0.000000000000000e+00 0.000000000000000e+00
