type      = 0 # LINEAR_VOX_TO_VOX
nxforms   = 1
mean      = 0.0000 0.0000 0.0000
sigma     = 1.0000
1 4 4
1.040274143218994e+00 2.450000494718552e-02 9.484601765871048e-02 -2.031932067871094e+01 
-4.770300909876823e-02 1.107858061790466e+00 1.036740168929100e-01 9.104728698730469e+00 
-7.579102367162704e-02 -1.983700096607208e-01 1.028395175933838e+00 9.731880187988281e+00 
0.000000000000000e+00 0.000000000000000e+00 0.000000000000000e+00 1.000000000000000e+00 
src volume info
valid = 1  # volume info valid
filename = /scratch/tmp/fs_mp2rage_tests/sourcedata/freesurfer_mp2rage/sub-fsm22db/mri/orig.mgz
volume = 256 256 256
voxelsize = 1.000000000000000e+00 1.000000000000000e+00 1.000000000000000e+00
xras   = -1.000000119209290e+00 -1.187436282634735e-08 0.000000000000000e+00
yras   = -1.862645149230957e-09 7.450580596923828e-09 -1.000000119209290e+00
zras   = -2.793967723846436e-09 1.000000119209290e+00 0.000000000000000e+00
cras   = 6.181640625000000e-01 1.666818237304688e+01 -1.729837799072266e+01
dst volume info
valid = 1  # volume info valid
filename = /opt/freesurfer/average/mni305.cor.mgz
volume = 256 256 256
voxelsize = 1.000000000000000e+00 1.000000000000000e+00 1.000000000000000e+00
xras   = -1.000000000000000e+00 0.000000000000000e+00 0.000000000000000e+00
yras   = 0.000000000000000e+00 0.000000000000000e+00 -1.000000000000000e+00
zras   = 0.000000000000000e+00 1.000000000000000e+00 0.000000000000000e+00
cras   = 0.000000000000000e+00 0.000000000000000e+00 0.000000000000000e+00
subject fsaverage
fscale 0.100000
