# transform file /scratch/tmp/fs_mp2rage_tests2/sourcedata/freesurfer_memprage/sub-fsm87qb/mri/transforms/cc_up.lta
# created by bpinsard on Mon Nov 25 02:31:45 2024

type      = 0 # LINEAR_VOX_TO_VOX
nxforms   = 1
mean      = 127.0000 100.0000 108.0000
sigma     = 10000.0000
1 4 4
9.957678914070129e-01 -9.083743393421173e-02 -1.396030373871326e-02 1.232364463806152e+01 
9.082850813865662e-02 9.958657026290894e-01 -1.273382687941194e-03 3.510821914672852e+01 
1.401825994253159e-02 0.000000000000000e+00 9.999018311500549e-01 2.125634574890137e+01 
0.000000000000000e+00 0.000000000000000e+00 0.000000000000000e+00 1.000000000000000e+00 
src volume info
valid = 1  # volume info valid
filename = /scratch/tmp/fs_mp2rage_tests2/sourcedata/freesurfer_memprage/sub-fsm87qb/mri/norm.mgz
volume = 256 256 256
voxelsize = 1.000000000000000e+00 1.000000000000000e+00 1.000000000000000e+00
xras   = -1.000000000000000e+00 1.629814505577087e-09 -1.490116119384766e-08
yras   = 7.450580596923828e-09 3.725290298461914e-09 -1.000000119209290e+00
zras   = -9.313225746154785e-10 1.000000119209290e+00 0.000000000000000e+00
cras   = 7.629684448242188e+00 3.507968139648438e+01 -1.254354858398438e+01
dst volume info
valid = 1  # volume info valid
filename = /scratch/tmp/fs_mp2rage_tests2/sourcedata/freesurfer_memprage/sub-fsm87qb/mri/norm.mgz
volume = 256 256 256
voxelsize = 1.000000000000000e+00 1.000000000000000e+00 1.000000000000000e+00
xras   = -1.000000000000000e+00 1.629814505577087e-09 -1.490116119384766e-08
yras   = 7.450580596923828e-09 3.725290298461914e-09 -1.000000119209290e+00
zras   = -9.313225746154785e-10 1.000000119209290e+00 0.000000000000000e+00
cras   = 7.629684448242188e+00 3.507968139648438e+01 -1.254354858398438e+01
