# transform file transforms/talairach.lta
# created by bpinsard on Sun Nov 24 08:47:13 2024

type      = 0 # LINEAR_VOX_TO_VOX
nxforms   = 1
mean      = 127.0000 101.0000 108.0000
sigma     = 10000.0000
1 4 4
1.089086532592773e+00 -1.356479227542877e-01 -4.890801757574081e-02 5.738576889038086e+00 
1.019928753376007e-01 1.160768032073975e+00 8.052268624305725e-02 -1.345083522796631e+01 
3.892876207828522e-02 -1.054344102740288e-01 1.050541162490845e+00 6.619988083839417e-01 
0.000000000000000e+00 0.000000000000000e+00 0.000000000000000e+00 1.000000000000000e+00 
src volume info
valid = 1  # volume info valid
filename = nu.mgz
volume = 256 256 256
voxelsize = 1.000000000000000e+00 1.000000000000000e+00 1.000000000000000e+00
xras   = -1.000000000000000e+00 1.629814505577087e-09 -1.490116119384766e-08
yras   = 7.450580596923828e-09 3.725290298461914e-09 -1.000000119209290e+00
zras   = -9.313225746154785e-10 1.000000119209290e+00 0.000000000000000e+00
cras   = 7.629684448242188e+00 3.507968139648438e+01 -1.254354858398438e+01
dst volume info
valid = 1  # volume info valid
filename = /opt/freesurfer/average/RB_all_2020-01-02.gca
volume = 256 256 256
voxelsize = 1.000000000000000e+00 1.000000000000000e+00 1.000000000000000e+00
xras   = -1.000000000000000e+00 0.000000000000000e+00 0.000000000000000e+00
yras   = 0.000000000000000e+00 0.000000000000000e+00 -1.000000000000000e+00
zras   = 0.000000000000000e+00 1.000000000000000e+00 0.000000000000000e+00
cras   = 0.000000000000000e+00 0.000000000000000e+00 0.000000000000000e+00
