# transform file /scratch/tmp/fs_mp2rage_tests2/sourcedata/freesurfer_memprage/sub-fsm84zy/mri/transforms/cc_up.lta
# created by bpinsard on Sun Nov 24 23:07:42 2024

type      = 0 # LINEAR_VOX_TO_VOX
nxforms   = 1
mean      = 130.0000 101.0000 109.0000
sigma     = 10000.0000
1 4 4
9.965727925300598e-01 8.261285722255707e-02 -4.204886965453625e-03 -8.698307991027832e+00 
-8.261211961507797e-02 9.965817332267761e-01 3.485692432150245e-04 5.914025878906250e+01 
4.219309892505407e-03 0.000000000000000e+00 9.999911189079285e-01 1.844402503967285e+01 
0.000000000000000e+00 0.000000000000000e+00 0.000000000000000e+00 1.000000000000000e+00 
src volume info
valid = 1  # volume info valid
filename = /scratch/tmp/fs_mp2rage_tests2/sourcedata/freesurfer_memprage/sub-fsm84zy/mri/norm.mgz
volume = 256 256 256
voxelsize = 1.000000000000000e+00 1.000000000000000e+00 1.000000000000000e+00
xras   = -1.000000000000000e+00 4.656612873077393e-10 0.000000000000000e+00
yras   = 7.450580596923828e-09 7.450580596923828e-09 -9.999999403953552e-01
zras   = -1.396983861923218e-09 1.000000000000000e+00 7.450580596923828e-09
cras   = 2.972579956054688e+00 3.469773864746094e+01 -2.020071411132812e+01
dst volume info
valid = 1  # volume info valid
filename = /scratch/tmp/fs_mp2rage_tests2/sourcedata/freesurfer_memprage/sub-fsm84zy/mri/norm.mgz
volume = 256 256 256
voxelsize = 1.000000000000000e+00 1.000000000000000e+00 1.000000000000000e+00
xras   = -1.000000000000000e+00 4.656612873077393e-10 0.000000000000000e+00
yras   = 7.450580596923828e-09 7.450580596923828e-09 -9.999999403953552e-01
zras   = -1.396983861923218e-09 1.000000000000000e+00 7.450580596923828e-09
cras   = 2.972579956054688e+00 3.469773864746094e+01 -2.020071411132812e+01
