type      = 1 # LINEAR_RAS_TO_RAS
nxforms   = 1
mean      = 0.0000 0.0000 0.0000
sigma     = 1.0000
1 4 4
1.084426999092102e+00 1.472300011664629e-02 7.588600367307663e-02 -1.028915047645569e+00 
-3.436199948191643e-02 1.017748951911926e+00 1.874870061874390e-01 -3.523432159423828e+01 
-9.695599973201752e-02 -1.364299952983856e-01 1.048658013343811e+00 -1.643867015838623e+00 
0.000000000000000e+00 0.000000000000000e+00 0.000000000000000e+00 1.000000000000000e+00 
src volume info
valid = 1  # volume info valid
filename = /scratch/tmp/fs_mp2rage_tests2/sourcedata/freesurfer_memprage/sub-fsm84zy/mri/orig_nu.mgz
volume = 256 256 256
voxelsize = 1.000000000000000e+00 1.000000000000000e+00 1.000000000000000e+00
xras   = -1.000000000000000e+00 4.656612873077393e-10 0.000000000000000e+00
yras   = 7.450580596923828e-09 7.450580596923828e-09 -9.999999403953552e-01
zras   = -1.396983861923218e-09 1.000000000000000e+00 7.450580596923828e-09
cras   = 2.972579956054688e+00 3.469773864746094e+01 -2.020071411132812e+01
dst volume info
valid = 1  # volume info valid
filename = /opt/freesurfer/average/mni305.cor.mgz
volume = 256 256 256
voxelsize = 1.000000000000000e+00 1.000000000000000e+00 1.000000000000000e+00
xras   = -1.000000000000000e+00 0.000000000000000e+00 0.000000000000000e+00
yras   = 0.000000000000000e+00 0.000000000000000e+00 -1.000000000000000e+00
zras   = 0.000000000000000e+00 1.000000000000000e+00 0.000000000000000e+00
cras   = 0.000000000000000e+00 0.000000000000000e+00 0.000000000000000e+00
subject fsaverage
fscale 0.100000
