# transform file transforms/talairach.lta
# created by bpinsard on Sun Nov 24 08:45:26 2024

type      = 0 # LINEAR_VOX_TO_VOX
nxforms   = 1
mean      = 130.0000 101.0000 110.0000
sigma     = 10000.0000
1 4 4
1.079573869705200e+00 9.983547031879425e-02 4.455333575606346e-03 -2.504195785522461e+01 
-1.136258468031883e-01 1.091726899147034e+00 9.633298218250275e-02 1.914841461181641e+01 
3.743906039744616e-03 -3.939703106880188e-02 1.007414460182190e+00 4.306986808776855e+00 
0.000000000000000e+00 0.000000000000000e+00 0.000000000000000e+00 1.000000000000000e+00 
src volume info
valid = 1  # volume info valid
filename = nu.mgz
volume = 256 256 256
voxelsize = 1.000000000000000e+00 1.000000000000000e+00 1.000000000000000e+00
xras   = -1.000000000000000e+00 4.656612873077393e-10 0.000000000000000e+00
yras   = 7.450580596923828e-09 7.450580596923828e-09 -9.999999403953552e-01
zras   = -1.396983861923218e-09 1.000000000000000e+00 7.450580596923828e-09
cras   = 2.972579956054688e+00 3.469773864746094e+01 -2.020071411132812e+01
dst volume info
valid = 1  # volume info valid
filename = /opt/freesurfer/average/RB_all_2020-01-02.gca
volume = 256 256 256
voxelsize = 1.000000000000000e+00 1.000000000000000e+00 1.000000000000000e+00
xras   = -1.000000000000000e+00 0.000000000000000e+00 0.000000000000000e+00
yras   = 0.000000000000000e+00 0.000000000000000e+00 -1.000000000000000e+00
zras   = 0.000000000000000e+00 1.000000000000000e+00 0.000000000000000e+00
cras   = 0.000000000000000e+00 0.000000000000000e+00 0.000000000000000e+00
