type      = 0 # LINEAR_VOX_TO_VOX
nxforms   = 1
mean      = 0.0000 0.0000 0.0000
sigma     = 1.0000
1 4 4
1.084426999092102e+00 7.588598877191544e-02 -1.472299918532372e-02 -1.980804443359375e+01 
-9.695599973201752e-02 1.048657894134521e+00 1.364299803972244e-01 1.656864166259766e+01 
3.436199948191643e-02 -1.874869912862778e-01 1.017748951911926e+00 1.351787567138672e+01 
0.000000000000000e+00 0.000000000000000e+00 0.000000000000000e+00 1.000000000000000e+00 
src volume info
valid = 1  # volume info valid
filename = /scratch/tmp/fs_mp2rage_tests2/sourcedata/freesurfer_memprage/sub-fsm84zy/mri/orig.mgz
volume = 256 256 256
voxelsize = 1.000000000000000e+00 1.000000000000000e+00 1.000000000000000e+00
xras   = -1.000000000000000e+00 4.656612873077393e-10 0.000000000000000e+00
yras   = 7.450580596923828e-09 7.450580596923828e-09 -9.999999403953552e-01
zras   = -1.396983861923218e-09 1.000000000000000e+00 7.450580596923828e-09
cras   = 2.972579956054688e+00 3.469773864746094e+01 -2.020071411132812e+01
dst volume info
valid = 1  # volume info valid
filename = /opt/freesurfer/average/mni305.cor.mgz
volume = 256 256 256
voxelsize = 1.000000000000000e+00 1.000000000000000e+00 1.000000000000000e+00
xras   = -1.000000000000000e+00 0.000000000000000e+00 0.000000000000000e+00
yras   = 0.000000000000000e+00 0.000000000000000e+00 -1.000000000000000e+00
zras   = 0.000000000000000e+00 1.000000000000000e+00 0.000000000000000e+00
cras   = 0.000000000000000e+00 0.000000000000000e+00 0.000000000000000e+00
subject fsaverage
fscale 0.100000
