# transform file /scratch/tmp/fs_mp2rage_tests/sourcedata/freesurfer_mp2rage/sub-fsm30gy/mri/transforms/cc_up.lta
# created by bpinsard on Sun Nov 24 00:18:15 2024

type      = 0 # LINEAR_VOX_TO_VOX
nxforms   = 1
mean      = 129.0000 95.0000 127.0000
sigma     = 10000.0000
1 4 4
9.972168207168579e-01 3.035631589591503e-02 6.809584796428680e-02 -1.097722721099854e+01 
-3.028578683733940e-02 9.995390772819519e-01 -2.068092115223408e-03 5.718619537353516e+01 
-6.812724471092224e-02 0.000000000000000e+00 9.976766109466553e-01 4.029291152954102e+00 
0.000000000000000e+00 0.000000000000000e+00 0.000000000000000e+00 1.000000000000000e+00 
src volume info
valid = 1  # volume info valid
filename = /scratch/tmp/fs_mp2rage_tests/sourcedata/freesurfer_mp2rage/sub-fsm30gy/mri/norm.mgz
volume = 256 256 256
voxelsize = 1.000000000000000e+00 1.000000000000000e+00 1.000000000000000e+00
xras   = -1.000000000000000e+00 1.862645149230957e-09 -3.725290298461914e-09
yras   = -1.862645149230957e-09 -1.490116119384766e-08 -1.000000000000000e+00
zras   = 0.000000000000000e+00 1.000000000000000e+00 0.000000000000000e+00
cras   = 2.340469360351562e-01 2.347673034667969e+01 -1.650399780273438e+01
dst volume info
valid = 1  # volume info valid
filename = /scratch/tmp/fs_mp2rage_tests/sourcedata/freesurfer_mp2rage/sub-fsm30gy/mri/norm.mgz
volume = 256 256 256
voxelsize = 1.000000000000000e+00 1.000000000000000e+00 1.000000000000000e+00
xras   = -1.000000000000000e+00 1.862645149230957e-09 -3.725290298461914e-09
yras   = -1.862645149230957e-09 -1.490116119384766e-08 -1.000000000000000e+00
zras   = 0.000000000000000e+00 1.000000000000000e+00 0.000000000000000e+00
cras   = 2.340469360351562e-01 2.347673034667969e+01 -1.650399780273438e+01
