# transform file transforms/talairach.lta
# created by bpinsard on Sat Nov 23 18:00:13 2024

type      = 0 # LINEAR_VOX_TO_VOX
nxforms   = 1
mean      = 129.0000 95.0000 127.0000
sigma     = 10000.0000
1 4 4
1.080324053764343e+00 3.346886485815048e-02 7.922977954149246e-02 -2.516166496276855e+01 
-6.091678887605667e-02 1.204649209976196e+00 -1.104783788323402e-01 3.394998550415039e+01 
-1.135524883866310e-01 1.320694088935852e-01 1.023770451545715e+00 -1.792551231384277e+01 
0.000000000000000e+00 0.000000000000000e+00 0.000000000000000e+00 1.000000000000000e+00 
src volume info
valid = 1  # volume info valid
filename = nu.mgz
volume = 256 256 256
voxelsize = 1.000000000000000e+00 1.000000000000000e+00 1.000000000000000e+00
xras   = -1.000000000000000e+00 1.862645149230957e-09 -3.725290298461914e-09
yras   = -1.862645149230957e-09 -1.490116119384766e-08 -1.000000000000000e+00
zras   = 0.000000000000000e+00 1.000000000000000e+00 0.000000000000000e+00
cras   = 2.340469360351562e-01 2.347673034667969e+01 -1.650399780273438e+01
dst volume info
valid = 1  # volume info valid
filename = /opt/freesurfer/average/RB_all_2020-01-02.gca
volume = 256 256 256
voxelsize = 1.000000000000000e+00 1.000000000000000e+00 1.000000000000000e+00
xras   = -1.000000000000000e+00 0.000000000000000e+00 0.000000000000000e+00
yras   = 0.000000000000000e+00 0.000000000000000e+00 -1.000000000000000e+00
zras   = 0.000000000000000e+00 1.000000000000000e+00 0.000000000000000e+00
cras   = 0.000000000000000e+00 0.000000000000000e+00 0.000000000000000e+00
