# transform file /scratch/tmp/fs_mp2rage_tests2/sourcedata/freesurfer_memprage/sub-fsm11ni/mri/transforms/cc_up.lta
# created by bpinsard on Sun Nov 24 12:07:01 2024

type      = 0 # LINEAR_VOX_TO_VOX
nxforms   = 1
mean      = 128.0000 116.0000 101.0000
sigma     = 10000.0000
1 4 4
9.999752044677734e-01 5.439409986138344e-03 -4.476000089198351e-03 -1.318552345037460e-01 
-5.439355503767729e-03 9.999852180480957e-01 2.434715861454606e-05 1.869534492492676e+01 
4.476066213101149e-03 1.818989403545856e-12 9.999899864196777e-01 4.642832946777344e+01 
0.000000000000000e+00 0.000000000000000e+00 0.000000000000000e+00 1.000000000000000e+00 
src volume info
valid = 1  # volume info valid
filename = /scratch/tmp/fs_mp2rage_tests2/sourcedata/freesurfer_memprage/sub-fsm11ni/mri/norm.mgz
volume = 256 256 256
voxelsize = 1.000000000000000e+00 1.000000000000000e+00 1.000000000000000e+00
xras   = -9.999999403953552e-01 2.328306436538696e-10 0.000000000000000e+00
yras   = 0.000000000000000e+00 0.000000000000000e+00 -1.000000000000000e+00
zras   = 6.984919309616089e-10 1.000000000000000e+00 0.000000000000000e+00
cras   = 5.420150756835938e-01 3.864194488525391e+01 -9.361633300781250e+00
dst volume info
valid = 1  # volume info valid
filename = /scratch/tmp/fs_mp2rage_tests2/sourcedata/freesurfer_memprage/sub-fsm11ni/mri/norm.mgz
volume = 256 256 256
voxelsize = 1.000000000000000e+00 1.000000000000000e+00 1.000000000000000e+00
xras   = -9.999999403953552e-01 2.328306436538696e-10 0.000000000000000e+00
yras   = 0.000000000000000e+00 0.000000000000000e+00 -1.000000000000000e+00
zras   = 6.984919309616089e-10 1.000000000000000e+00 0.000000000000000e+00
cras   = 5.420150756835938e-01 3.864194488525391e+01 -9.361633300781250e+00
