# transform file transforms/talairach.lta
# created by bpinsard on Sun Nov 24 08:21:32 2024

type      = 0 # LINEAR_VOX_TO_VOX
nxforms   = 1
mean      = 129.0000 118.0000 101.0000
sigma     = 10000.0000
1 4 4
1.038293480873108e+00 -1.671614497900009e-02 -8.332224562764168e-03 -4.146671295166016e+00 
1.665769703686237e-02 1.045376777648926e+00 5.045640468597412e-01 -4.812268447875977e+01 
2.721210184972733e-04 -4.428196549415588e-01 8.776587247848511e-01 7.294758605957031e+01 
0.000000000000000e+00 0.000000000000000e+00 0.000000000000000e+00 1.000000000000000e+00 
src volume info
valid = 1  # volume info valid
filename = nu.mgz
volume = 256 256 256
voxelsize = 1.000000000000000e+00 1.000000000000000e+00 1.000000000000000e+00
xras   = -9.999999403953552e-01 2.328306436538696e-10 0.000000000000000e+00
yras   = 0.000000000000000e+00 0.000000000000000e+00 -1.000000000000000e+00
zras   = 6.984919309616089e-10 1.000000000000000e+00 0.000000000000000e+00
cras   = 5.420150756835938e-01 3.864194488525391e+01 -9.361633300781250e+00
dst volume info
valid = 1  # volume info valid
filename = /opt/freesurfer/average/RB_all_2020-01-02.gca
volume = 256 256 256
voxelsize = 1.000000000000000e+00 1.000000000000000e+00 1.000000000000000e+00
xras   = -1.000000000000000e+00 0.000000000000000e+00 0.000000000000000e+00
yras   = 0.000000000000000e+00 0.000000000000000e+00 -1.000000000000000e+00
zras   = 0.000000000000000e+00 1.000000000000000e+00 0.000000000000000e+00
cras   = 0.000000000000000e+00 0.000000000000000e+00 0.000000000000000e+00
