# transform file /scratch/tmp/fs_mp2rage_tests2/sourcedata/freesurfer_memprage/sub-fsm30gy/mri/transforms/cc_up.lta
# created by bpinsard on Sun Nov 24 15:43:53 2024

type      = 0 # LINEAR_VOX_TO_VOX
nxforms   = 1
mean      = 130.0000 95.0000 129.0000
sigma     = 10000.0000
1 4 4
9.976702928543091e-01 5.599207058548927e-02 3.897561877965927e-02 -1.000009822845459e+01 
-5.594939365983009e-02 9.984313249588013e-01 -2.185754245147109e-03 5.861806869506836e+01 
-3.903685882687569e-02 -2.328306714094452e-10 9.992378354072571e-01 -3.873526096343994e+00 
0.000000000000000e+00 0.000000000000000e+00 0.000000000000000e+00 1.000000000000000e+00 
src volume info
valid = 1  # volume info valid
filename = /scratch/tmp/fs_mp2rage_tests2/sourcedata/freesurfer_memprage/sub-fsm30gy/mri/norm.mgz
volume = 256 256 256
voxelsize = 1.000000000000000e+00 1.000000000000000e+00 1.000000000000000e+00
xras   = -1.000000000000000e+00 4.656612873077393e-09 -1.862645149230957e-09
yras   = 0.000000000000000e+00 1.490116119384766e-08 -1.000000000000000e+00
zras   = -4.656612873077393e-09 1.000000000000000e+00 1.490116119384766e-08
cras   = 2.341461181640625e-01 2.347659301757812e+01 -1.650381469726562e+01
dst volume info
valid = 1  # volume info valid
filename = /scratch/tmp/fs_mp2rage_tests2/sourcedata/freesurfer_memprage/sub-fsm30gy/mri/norm.mgz
volume = 256 256 256
voxelsize = 1.000000000000000e+00 1.000000000000000e+00 1.000000000000000e+00
xras   = -1.000000000000000e+00 4.656612873077393e-09 -1.862645149230957e-09
yras   = 0.000000000000000e+00 1.490116119384766e-08 -1.000000000000000e+00
zras   = -4.656612873077393e-09 1.000000000000000e+00 1.490116119384766e-08
cras   = 2.341461181640625e-01 2.347659301757812e+01 -1.650381469726562e+01
