# transform file transforms/talairach.lta
# created by bpinsard on Sun Nov 24 08:28:59 2024

type      = 0 # LINEAR_VOX_TO_VOX
nxforms   = 1
mean      = 130.0000 96.0000 128.0000
sigma     = 10000.0000
1 4 4
1.041421532630920e+00 4.501770809292793e-02 7.442117482423782e-02 -2.191606140136719e+01 
-3.357411921024323e-02 1.205736279487610e+00 -7.940337806940079e-02 2.588459587097168e+01 
-7.553744316101074e-02 8.619081974029541e-02 1.013671278953552e+00 -1.838534164428711e+01 
0.000000000000000e+00 0.000000000000000e+00 0.000000000000000e+00 1.000000000000000e+00 
src volume info
valid = 1  # volume info valid
filename = nu.mgz
volume = 256 256 256
voxelsize = 1.000000000000000e+00 1.000000000000000e+00 1.000000000000000e+00
xras   = -1.000000000000000e+00 4.656612873077393e-09 -1.862645149230957e-09
yras   = 0.000000000000000e+00 1.490116119384766e-08 -1.000000000000000e+00
zras   = -4.656612873077393e-09 1.000000000000000e+00 1.490116119384766e-08
cras   = 2.341461181640625e-01 2.347659301757812e+01 -1.650381469726562e+01
dst volume info
valid = 1  # volume info valid
filename = /opt/freesurfer/average/RB_all_2020-01-02.gca
volume = 256 256 256
voxelsize = 1.000000000000000e+00 1.000000000000000e+00 1.000000000000000e+00
xras   = -1.000000000000000e+00 0.000000000000000e+00 0.000000000000000e+00
yras   = 0.000000000000000e+00 0.000000000000000e+00 -1.000000000000000e+00
zras   = 0.000000000000000e+00 1.000000000000000e+00 0.000000000000000e+00
cras   = 0.000000000000000e+00 0.000000000000000e+00 0.000000000000000e+00
