# transform file /scratch/tmp/fs_mp2rage_tests/sourcedata/freesurfer_mp2rage/sub-fsm02cd/mri/transforms/cc_up.lta
# created by bpinsard on Sat Nov 23 02:48:48 2024

type      = 0 # LINEAR_VOX_TO_VOX
nxforms   = 1
mean      = 127.0000 100.0000 119.0000
sigma     = 10000.0000
1 4 4
9.978997707366943e-01 -6.447725743055344e-02 -6.216132082045078e-03 7.841136455535889e+00 
6.447600573301315e-02 9.979192018508911e-01 -4.016349266748875e-04 3.505909347534180e+01 
6.229093763977289e-03 2.910382698728675e-11 9.999805688858032e-01 2.621377372741699e+01 
0.000000000000000e+00 0.000000000000000e+00 0.000000000000000e+00 1.000000000000000e+00 
src volume info
valid = 1  # volume info valid
filename = /scratch/tmp/fs_mp2rage_tests/sourcedata/freesurfer_mp2rage/sub-fsm02cd/mri/norm.mgz
volume = 256 256 256
voxelsize = 1.000000000000000e+00 1.000000000000000e+00 1.000000000000000e+00
xras   = -1.000000000000000e+00 -2.328306436538696e-10 0.000000000000000e+00
yras   = 0.000000000000000e+00 0.000000000000000e+00 -1.000000000000000e+00
zras   = 2.328306436538696e-10 9.999999403953552e-01 3.725290298461914e-09
cras   = 3.164077758789062e+00 1.722295379638672e+01 -1.266036987304688e+00
dst volume info
valid = 1  # volume info valid
filename = /scratch/tmp/fs_mp2rage_tests/sourcedata/freesurfer_mp2rage/sub-fsm02cd/mri/norm.mgz
volume = 256 256 256
voxelsize = 1.000000000000000e+00 1.000000000000000e+00 1.000000000000000e+00
xras   = -1.000000000000000e+00 -2.328306436538696e-10 0.000000000000000e+00
yras   = 0.000000000000000e+00 0.000000000000000e+00 -1.000000000000000e+00
zras   = 2.328306436538696e-10 9.999999403953552e-01 3.725290298461914e-09
cras   = 3.164077758789062e+00 1.722295379638672e+01 -1.266036987304688e+00
