# transform file transforms/talairach.lta
# created by bpinsard on Sat Nov 23 00:21:01 2024

type      = 0 # LINEAR_VOX_TO_VOX
nxforms   = 1
mean      = 127.0000 100.0000 119.0000
sigma     = 10000.0000
1 4 4
1.058201909065247e+00 -8.251242339611053e-02 -8.558962494134903e-03 7.212866544723511e-01 
9.966917335987091e-02 1.146701097488403e+00 1.959159672260284e-01 -2.470025825500488e+01 
-6.845090538263321e-03 -1.476898789405823e-01 1.049749851226807e+00 5.671153068542480e-01 
0.000000000000000e+00 0.000000000000000e+00 0.000000000000000e+00 1.000000000000000e+00 
src volume info
valid = 1  # volume info valid
filename = nu.mgz
volume = 256 256 256
voxelsize = 1.000000000000000e+00 1.000000000000000e+00 1.000000000000000e+00
xras   = -1.000000000000000e+00 -2.328306436538696e-10 0.000000000000000e+00
yras   = 0.000000000000000e+00 0.000000000000000e+00 -1.000000000000000e+00
zras   = 2.328306436538696e-10 9.999999403953552e-01 3.725290298461914e-09
cras   = 3.164077758789062e+00 1.722295379638672e+01 -1.266036987304688e+00
dst volume info
valid = 1  # volume info valid
filename = /opt/freesurfer/average/RB_all_2020-01-02.gca
volume = 256 256 256
voxelsize = 1.000000000000000e+00 1.000000000000000e+00 1.000000000000000e+00
xras   = -1.000000000000000e+00 0.000000000000000e+00 0.000000000000000e+00
yras   = 0.000000000000000e+00 0.000000000000000e+00 -1.000000000000000e+00
zras   = 0.000000000000000e+00 1.000000000000000e+00 0.000000000000000e+00
cras   = 0.000000000000000e+00 0.000000000000000e+00 0.000000000000000e+00
