# transform file /scratch/tmp/fs_mp2rage_tests2/sourcedata/freesurfer_memprage/sub-fsm54jc/mri/transforms/cc_up.lta
# created by bpinsard on Sun Nov 24 19:11:09 2024

type      = 0 # LINEAR_VOX_TO_VOX
nxforms   = 1
mean      = 128.0000 101.0000 106.0000
sigma     = 10000.0000
1 4 4
9.929444789886475e-01 1.074385792016983e-01 -5.018224194645882e-02 -5.023386955261230e+00 
-1.073016300797462e-01 9.942117333412170e-01 5.422898102551699e-03 6.090347671508789e+01 
5.047440156340599e-02 0.000000000000000e+00 9.987253546714783e-01 1.955021476745605e+01 
0.000000000000000e+00 0.000000000000000e+00 0.000000000000000e+00 1.000000000000000e+00 
src volume info
valid = 1  # volume info valid
filename = /scratch/tmp/fs_mp2rage_tests2/sourcedata/freesurfer_memprage/sub-fsm54jc/mri/norm.mgz
volume = 256 256 256
voxelsize = 1.000000000000000e+00 1.000000000000000e+00 1.000000000000000e+00
xras   = -1.000000000000000e+00 -5.529727786779404e-10 0.000000000000000e+00
yras   = -7.450580596923828e-09 0.000000000000000e+00 -1.000000000000000e+00
zras   = 5.238689482212067e-10 1.000000000000000e+00 -4.656612873077393e-10
cras   = 9.807128906250000e-01 3.039553833007812e+01 -1.333724975585938e+00
dst volume info
valid = 1  # volume info valid
filename = /scratch/tmp/fs_mp2rage_tests2/sourcedata/freesurfer_memprage/sub-fsm54jc/mri/norm.mgz
volume = 256 256 256
voxelsize = 1.000000000000000e+00 1.000000000000000e+00 1.000000000000000e+00
xras   = -1.000000000000000e+00 -5.529727786779404e-10 0.000000000000000e+00
yras   = -7.450580596923828e-09 0.000000000000000e+00 -1.000000000000000e+00
zras   = 5.238689482212067e-10 1.000000000000000e+00 -4.656612873077393e-10
cras   = 9.807128906250000e-01 3.039553833007812e+01 -1.333724975585938e+00
