# transform file /scratch/tmp/fs_mp2rage_tests/sourcedata/freesurfer_mp2rage/sub-fsm67lq/mri/transforms/cc_up.lta
# created by bpinsard on Sun Nov 24 06:43:56 2024

type      = 0 # LINEAR_VOX_TO_VOX
nxforms   = 1
mean      = 128.0000 94.0000 125.0000
sigma     = 10000.0000
1 4 4
9.996683001518250e-01 -2.574025653302670e-02 -8.445779676549137e-04 3.374353408813477e+00 
2.574024721980095e-02 9.996686577796936e-01 -2.174685869249515e-05 4.974043273925781e+01 
8.448578882962465e-04 -1.818989403545856e-12 9.999996423721313e-01 9.892150878906250e+00 
0.000000000000000e+00 0.000000000000000e+00 0.000000000000000e+00 1.000000000000000e+00 
src volume info
valid = 1  # volume info valid
filename = /scratch/tmp/fs_mp2rage_tests/sourcedata/freesurfer_mp2rage/sub-fsm67lq/mri/norm.mgz
volume = 256 256 256
voxelsize = 1.000000000000000e+00 1.000000000000000e+00 1.000000000000000e+00
xras   = -9.999999403953552e-01 1.280568540096283e-09 -4.656612873077393e-10
yras   = -4.656612873077393e-10 0.000000000000000e+00 -1.000000000000000e+00
zras   = -1.396983861923218e-09 1.000000000000000e+00 -1.490116119384766e-08
cras   = -1.647872924804688e+00 2.628678894042969e+01 -1.041046142578125e+01
dst volume info
valid = 1  # volume info valid
filename = /scratch/tmp/fs_mp2rage_tests/sourcedata/freesurfer_mp2rage/sub-fsm67lq/mri/norm.mgz
volume = 256 256 256
voxelsize = 1.000000000000000e+00 1.000000000000000e+00 1.000000000000000e+00
xras   = -9.999999403953552e-01 1.280568540096283e-09 -4.656612873077393e-10
yras   = -4.656612873077393e-10 0.000000000000000e+00 -1.000000000000000e+00
zras   = -1.396983861923218e-09 1.000000000000000e+00 -1.490116119384766e-08
cras   = -1.647872924804688e+00 2.628678894042969e+01 -1.041046142578125e+01
