# transform file transforms/talairach.lta
# created by bpinsard on Sat Nov 23 18:06:19 2024

type      = 0 # LINEAR_VOX_TO_VOX
nxforms   = 1
mean      = 128.0000 94.0000 126.0000
sigma     = 10000.0000
1 4 4
1.108889818191528e+00 -1.169552281498909e-02 -1.820683293044567e-02 -1.231778335571289e+01 
9.836121462285519e-03 1.242000460624695e+00 -5.321088433265686e-02 1.023828315734863e+01 
1.792383566498756e-02 4.475551098585129e-02 1.147276997566223e+00 -4.007268142700195e+01 
0.000000000000000e+00 0.000000000000000e+00 0.000000000000000e+00 1.000000000000000e+00 
src volume info
valid = 1  # volume info valid
filename = nu.mgz
volume = 256 256 256
voxelsize = 1.000000000000000e+00 1.000000000000000e+00 1.000000000000000e+00
xras   = -9.999999403953552e-01 1.280568540096283e-09 -4.656612873077393e-10
yras   = -4.656612873077393e-10 0.000000000000000e+00 -1.000000000000000e+00
zras   = -1.396983861923218e-09 1.000000000000000e+00 -1.490116119384766e-08
cras   = -1.647872924804688e+00 2.628678894042969e+01 -1.041046142578125e+01
dst volume info
valid = 1  # volume info valid
filename = /opt/freesurfer/average/RB_all_2020-01-02.gca
volume = 256 256 256
voxelsize = 1.000000000000000e+00 1.000000000000000e+00 1.000000000000000e+00
xras   = -1.000000000000000e+00 0.000000000000000e+00 0.000000000000000e+00
yras   = 0.000000000000000e+00 0.000000000000000e+00 -1.000000000000000e+00
zras   = 0.000000000000000e+00 1.000000000000000e+00 0.000000000000000e+00
cras   = 0.000000000000000e+00 0.000000000000000e+00 0.000000000000000e+00
