# transform file /scratch/tmp/fs_mp2rage_tests2/sourcedata/freesurfer_memprage/sub-fsm50ww/mri/transforms/cc_up.lta
# created by bpinsard on Sun Nov 24 19:21:00 2024

type      = 0 # LINEAR_VOX_TO_VOX
nxforms   = 1
mean      = 130.0000 103.0000 106.0000
sigma     = 10000.0000
1 4 4
9.914531111717224e-01 1.195591464638710e-01 -5.221395194530487e-02 -8.223468780517578e+00 
-1.193936988711357e-01 9.928269982337952e-01 6.287757772952318e-03 5.967712783813477e+01 
5.259118229150772e-02 -4.656612873077393e-10 9.986160993576050e-01 1.220880031585693e+01 
0.000000000000000e+00 0.000000000000000e+00 0.000000000000000e+00 1.000000000000000e+00 
src volume info
valid = 1  # volume info valid
filename = /scratch/tmp/fs_mp2rage_tests2/sourcedata/freesurfer_memprage/sub-fsm50ww/mri/norm.mgz
volume = 256 256 256
voxelsize = 1.000000000000000e+00 1.000000000000000e+00 1.000000000000000e+00
xras   = -9.999998807907104e-01 -5.820766091346741e-10 -7.450580596923828e-09
yras   = -7.450580596923828e-09 9.313225746154785e-10 -9.999999403953552e-01
zras   = 5.820766091346741e-10 9.999999403953552e-01 4.656612873077393e-10
cras   = -1.151275634765625e-02 4.700935363769531e+01 -2.718986511230469e+01
dst volume info
valid = 1  # volume info valid
filename = /scratch/tmp/fs_mp2rage_tests2/sourcedata/freesurfer_memprage/sub-fsm50ww/mri/norm.mgz
volume = 256 256 256
voxelsize = 1.000000000000000e+00 1.000000000000000e+00 1.000000000000000e+00
xras   = -9.999998807907104e-01 -5.820766091346741e-10 -7.450580596923828e-09
yras   = -7.450580596923828e-09 9.313225746154785e-10 -9.999999403953552e-01
zras   = 5.820766091346741e-10 9.999999403953552e-01 4.656612873077393e-10
cras   = -1.151275634765625e-02 4.700935363769531e+01 -2.718986511230469e+01
