type      = 1 # LINEAR_RAS_TO_RAS
nxforms   = 1
mean      = 0.0000 0.0000 0.0000
sigma     = 1.0000
1 4 4
1.022073984146118e+00 4.514700174331665e-02 1.106349974870682e-01 1.128829956054688e+00 
-3.884100168943405e-02 1.072461962699890e+00 1.467359960079193e-01 -4.309014129638672e+01 
-1.274719983339310e-01 -1.827259957790375e-01 1.052770018577576e+00 8.669670104980469e+00 
0.000000000000000e+00 0.000000000000000e+00 0.000000000000000e+00 1.000000000000000e+00 
src volume info
valid = 1  # volume info valid
filename = /scratch/tmp/fs_mp2rage_tests2/sourcedata/freesurfer_memprage/sub-fsm50ww/mri/orig_nu.mgz
volume = 256 256 256
voxelsize = 1.000000000000000e+00 1.000000000000000e+00 1.000000000000000e+00
xras   = -9.999998807907104e-01 -5.820766091346741e-10 -7.450580596923828e-09
yras   = -7.450580596923828e-09 9.313225746154785e-10 -9.999999403953552e-01
zras   = 5.820766091346741e-10 9.999999403953552e-01 4.656612873077393e-10
cras   = -1.151275634765625e-02 4.700935363769531e+01 -2.718986511230469e+01
dst volume info
valid = 1  # volume info valid
filename = /opt/freesurfer/average/mni305.cor.mgz
volume = 256 256 256
voxelsize = 1.000000000000000e+00 1.000000000000000e+00 1.000000000000000e+00
xras   = -1.000000000000000e+00 0.000000000000000e+00 0.000000000000000e+00
yras   = 0.000000000000000e+00 0.000000000000000e+00 -1.000000000000000e+00
zras   = 0.000000000000000e+00 1.000000000000000e+00 0.000000000000000e+00
cras   = 0.000000000000000e+00 0.000000000000000e+00 0.000000000000000e+00
subject fsaverage
fscale 0.100000
