# transform file transforms/talairach.lta
# created by bpinsard on Sun Nov 24 08:36:18 2024

type      = 0 # LINEAR_VOX_TO_VOX
nxforms   = 1
mean      = 130.0000 104.0000 105.0000
sigma     = 10000.0000
1 4 4
1.008132338523865e+00 1.201326400041580e-01 -5.039499700069427e-02 -1.197057247161865e+01 
-9.785069525241852e-02 1.107531547546387e+00 1.305748075246811e-01 8.488748550415039e+00 
6.295970827341080e-02 -6.486587971448898e-02 1.005384802818298e+00 4.274688243865967e+00 
0.000000000000000e+00 0.000000000000000e+00 0.000000000000000e+00 1.000000000000000e+00 
src volume info
valid = 1  # volume info valid
filename = nu.mgz
volume = 256 256 256
voxelsize = 1.000000000000000e+00 1.000000000000000e+00 1.000000000000000e+00
xras   = -9.999998807907104e-01 -5.820766091346741e-10 -7.450580596923828e-09
yras   = -7.450580596923828e-09 9.313225746154785e-10 -9.999999403953552e-01
zras   = 5.820766091346741e-10 9.999999403953552e-01 4.656612873077393e-10
cras   = -1.151275634765625e-02 4.700935363769531e+01 -2.718986511230469e+01
dst volume info
valid = 1  # volume info valid
filename = /opt/freesurfer/average/RB_all_2020-01-02.gca
volume = 256 256 256
voxelsize = 1.000000000000000e+00 1.000000000000000e+00 1.000000000000000e+00
xras   = -1.000000000000000e+00 0.000000000000000e+00 0.000000000000000e+00
yras   = 0.000000000000000e+00 0.000000000000000e+00 -1.000000000000000e+00
zras   = 0.000000000000000e+00 1.000000000000000e+00 0.000000000000000e+00
cras   = 0.000000000000000e+00 0.000000000000000e+00 0.000000000000000e+00
