# transform file /scratch/tmp/fs_mp2rage_tests2/sourcedata/freesurfer_memprage/sub-fsm90ao/mri/transforms/cc_up.lta
# created by bpinsard on Mon Nov 25 02:24:04 2024

type      = 0 # LINEAR_VOX_TO_VOX
nxforms   = 1
mean      = 131.0000 95.0000 123.0000
sigma     = 10000.0000
1 4 4
9.975367188453674e-01 4.283057153224945e-02 5.555194988846779e-02 -1.245634746551514e+01 
-4.276430979371071e-02 9.990823268890381e-01 -2.381507307291031e-03 5.594970703125000e+01 
-5.560297518968582e-02 0.000000000000000e+00 9.984529018402100e-01 1.145072174072266e+01 
0.000000000000000e+00 0.000000000000000e+00 0.000000000000000e+00 1.000000000000000e+00 
src volume info
valid = 1  # volume info valid
filename = /scratch/tmp/fs_mp2rage_tests2/sourcedata/freesurfer_memprage/sub-fsm90ao/mri/norm.mgz
volume = 256 256 256
voxelsize = 1.000000000000000e+00 1.000000000000000e+00 1.000000000000000e+00
xras   = -1.000000119209290e+00 3.259629011154175e-09 -7.450580596923828e-09
yras   = -3.725290298461914e-09 0.000000000000000e+00 -1.000000000000000e+00
zras   = -3.725290298461914e-09 1.000000000000000e+00 0.000000000000000e+00
cras   = 9.634780883789062e-01 2.107960510253906e+01 -1.144811248779297e+01
dst volume info
valid = 1  # volume info valid
filename = /scratch/tmp/fs_mp2rage_tests2/sourcedata/freesurfer_memprage/sub-fsm90ao/mri/norm.mgz
volume = 256 256 256
voxelsize = 1.000000000000000e+00 1.000000000000000e+00 1.000000000000000e+00
xras   = -1.000000119209290e+00 3.259629011154175e-09 -7.450580596923828e-09
yras   = -3.725290298461914e-09 0.000000000000000e+00 -1.000000000000000e+00
zras   = -3.725290298461914e-09 1.000000000000000e+00 0.000000000000000e+00
cras   = 9.634780883789062e-01 2.107960510253906e+01 -1.144811248779297e+01
