type      = 0 # LINEAR_VOX_TO_VOX
nxforms   = 1
mean      = 0.0000 0.0000 0.0000
sigma     = 1.0000
1 4 4
1.092713117599487e+00 4.458800330758095e-02 5.344500392675400e-02 -2.533103942871094e+01 
-6.207700073719025e-02 1.239704966545105e+00 1.137099973857403e-02 1.071083068847656e+01 
-7.259200513362885e-02 -1.048900000751019e-02 1.077628016471863e+00 -1.246401977539062e+01 
0.000000000000000e+00 0.000000000000000e+00 0.000000000000000e+00 1.000000000000000e+00 
src volume info
valid = 1  # volume info valid
filename = /scratch/tmp/fs_mp2rage_tests2/sourcedata/freesurfer_memprage/sub-fsm90ao/mri/orig.mgz
volume = 256 256 256
voxelsize = 1.000000000000000e+00 1.000000000000000e+00 1.000000000000000e+00
xras   = -1.000000119209290e+00 3.259629011154175e-09 -7.450580596923828e-09
yras   = -3.725290298461914e-09 0.000000000000000e+00 -1.000000000000000e+00
zras   = -3.725290298461914e-09 1.000000000000000e+00 0.000000000000000e+00
cras   = 9.634780883789062e-01 2.107960510253906e+01 -1.144811248779297e+01
dst volume info
valid = 1  # volume info valid
filename = /opt/freesurfer/average/mni305.cor.mgz
volume = 256 256 256
voxelsize = 1.000000000000000e+00 1.000000000000000e+00 1.000000000000000e+00
xras   = -1.000000000000000e+00 0.000000000000000e+00 0.000000000000000e+00
yras   = 0.000000000000000e+00 0.000000000000000e+00 -1.000000000000000e+00
zras   = 0.000000000000000e+00 1.000000000000000e+00 0.000000000000000e+00
cras   = 0.000000000000000e+00 0.000000000000000e+00 0.000000000000000e+00
subject fsaverage
fscale 0.100000
