# transform file transforms/talairach.lta
# created by bpinsard on Sun Nov 24 08:47:49 2024

type      = 0 # LINEAR_VOX_TO_VOX
nxforms   = 1
mean      = 131.0000 95.0000 123.0000
sigma     = 10000.0000
1 4 4
1.098920106887817e+00 8.260937035083771e-02 8.103251457214355e-02 -3.405756378173828e+01 
-6.811185181140900e-02 1.257028341293335e+00 -7.409313321113586e-02 2.097967338562012e+01 
-1.126747056841850e-01 7.742986828088760e-02 1.030590534210205e+00 -8.324692726135254e+00 
0.000000000000000e+00 0.000000000000000e+00 0.000000000000000e+00 1.000000000000000e+00 
src volume info
valid = 1  # volume info valid
filename = nu.mgz
volume = 256 256 256
voxelsize = 1.000000000000000e+00 1.000000000000000e+00 1.000000000000000e+00
xras   = -1.000000119209290e+00 3.259629011154175e-09 -7.450580596923828e-09
yras   = -3.725290298461914e-09 0.000000000000000e+00 -1.000000000000000e+00
zras   = -3.725290298461914e-09 1.000000000000000e+00 0.000000000000000e+00
cras   = 9.634780883789062e-01 2.107960510253906e+01 -1.144811248779297e+01
dst volume info
valid = 1  # volume info valid
filename = /opt/freesurfer/average/RB_all_2020-01-02.gca
volume = 256 256 256
voxelsize = 1.000000000000000e+00 1.000000000000000e+00 1.000000000000000e+00
xras   = -1.000000000000000e+00 0.000000000000000e+00 0.000000000000000e+00
yras   = 0.000000000000000e+00 0.000000000000000e+00 -1.000000000000000e+00
zras   = 0.000000000000000e+00 1.000000000000000e+00 0.000000000000000e+00
cras   = 0.000000000000000e+00 0.000000000000000e+00 0.000000000000000e+00
