type      = 1 # LINEAR_RAS_TO_RAS
nxforms   = 1
mean      = 0.0000 0.0000 0.0000
sigma     = 1.0000
1 4 4
1.090288996696472e+00 -1.842200011014938e-02 -4.319899901747704e-02 3.164779901504517e+00 
-2.506599947810173e-02 9.996320009231567e-01 3.506489992141724e-01 -3.870578002929688e+01 
3.495199978351593e-02 -2.472299933433533e-01 1.182001948356628e+00 -1.732468008995056e+00 
0.000000000000000e+00 0.000000000000000e+00 0.000000000000000e+00 1.000000000000000e+00 
src volume info
valid = 1  # volume info valid
filename = /scratch/tmp/fs_mp2rage_tests2/sourcedata/freesurfer_memprage/sub-fsm24dz/mri/orig_nu.mgz
volume = 256 256 256
voxelsize = 1.000000000000000e+00 1.000000000000000e+00 1.000000000000000e+00
xras   = -1.000000238418579e+00 1.280568540096283e-09 0.000000000000000e+00
yras   = -3.725290298461914e-09 0.000000000000000e+00 -1.000000119209290e+00
zras   = -1.047737896442413e-09 1.000000119209290e+00 3.725290298461914e-09
cras   = -2.735168457031250e+00 3.729869842529297e+01 -1.675099182128906e+01
dst volume info
valid = 1  # volume info valid
filename = /opt/freesurfer/average/mni305.cor.mgz
volume = 256 256 256
voxelsize = 1.000000000000000e+00 1.000000000000000e+00 1.000000000000000e+00
xras   = -1.000000000000000e+00 0.000000000000000e+00 0.000000000000000e+00
yras   = 0.000000000000000e+00 0.000000000000000e+00 -1.000000000000000e+00
zras   = 0.000000000000000e+00 1.000000000000000e+00 0.000000000000000e+00
cras   = 0.000000000000000e+00 0.000000000000000e+00 0.000000000000000e+00
subject fsaverage
fscale 0.100000
