# transform file /scratch/tmp/fs_mp2rage_tests/sourcedata/freesurfer_mp2rage/sub-fsm27uz/mri/transforms/cc_up.lta
# created by bpinsard on Sun Nov 24 00:02:56 2024

type      = 0 # LINEAR_VOX_TO_VOX
nxforms   = 1
mean      = 129.0000 96.0000 120.0000
sigma     = 10000.0000
1 4 4
9.988672137260437e-01 3.337333351373672e-02 -3.391875699162483e-02 3.057684898376465e-01 
-3.335410729050636e-02 9.994429945945740e-01 1.132612815126777e-03 5.618820571899414e+01 
3.393766283988953e-02 0.000000000000000e+00 9.994239211082458e-01 1.471877384185791e+01 
0.000000000000000e+00 0.000000000000000e+00 0.000000000000000e+00 1.000000000000000e+00 
src volume info
valid = 1  # volume info valid
filename = /scratch/tmp/fs_mp2rage_tests/sourcedata/freesurfer_mp2rage/sub-fsm27uz/mri/norm.mgz
volume = 256 256 256
voxelsize = 1.000000000000000e+00 1.000000000000000e+00 1.000000000000000e+00
xras   = -9.999999403953552e-01 -4.656612873077393e-10 0.000000000000000e+00
yras   = 0.000000000000000e+00 -3.725290298461914e-09 -1.000000000000000e+00
zras   = 4.656612873077393e-10 1.000000000000000e+00 0.000000000000000e+00
cras   = 1.592796325683594e+00 2.345550537109375e+01 -1.072271728515625e+01
dst volume info
valid = 1  # volume info valid
filename = /scratch/tmp/fs_mp2rage_tests/sourcedata/freesurfer_mp2rage/sub-fsm27uz/mri/norm.mgz
volume = 256 256 256
voxelsize = 1.000000000000000e+00 1.000000000000000e+00 1.000000000000000e+00
xras   = -9.999999403953552e-01 -4.656612873077393e-10 0.000000000000000e+00
yras   = 0.000000000000000e+00 -3.725290298461914e-09 -1.000000000000000e+00
zras   = 4.656612873077393e-10 1.000000000000000e+00 0.000000000000000e+00
cras   = 1.592796325683594e+00 2.345550537109375e+01 -1.072271728515625e+01
