# transform file transforms/talairach.lta
# created by bpinsard on Sat Nov 23 17:59:58 2024

type      = 0 # LINEAR_VOX_TO_VOX
nxforms   = 1
mean      = 131.0000 98.0000 120.0000
sigma     = 10000.0000
1 4 4
1.078355908393860e+00 1.097769010812044e-02 -2.745193429291248e-02 -9.324941635131836e+00 
-1.011058315634727e-02 1.164801239967346e+00 4.855652526021004e-02 5.891293525695801e+00 
2.387713640928268e-02 -3.929108753800392e-02 9.832581281661987e-01 -5.393200874328613e+00 
0.000000000000000e+00 0.000000000000000e+00 0.000000000000000e+00 1.000000000000000e+00 
src volume info
valid = 1  # volume info valid
filename = nu.mgz
volume = 256 256 256
voxelsize = 1.000000000000000e+00 1.000000000000000e+00 1.000000000000000e+00
xras   = -9.999999403953552e-01 -4.656612873077393e-10 0.000000000000000e+00
yras   = 0.000000000000000e+00 -3.725290298461914e-09 -1.000000000000000e+00
zras   = 4.656612873077393e-10 1.000000000000000e+00 0.000000000000000e+00
cras   = 1.592796325683594e+00 2.345550537109375e+01 -1.072271728515625e+01
dst volume info
valid = 1  # volume info valid
filename = /opt/freesurfer/average/RB_all_2020-01-02.gca
volume = 256 256 256
voxelsize = 1.000000000000000e+00 1.000000000000000e+00 1.000000000000000e+00
xras   = -1.000000000000000e+00 0.000000000000000e+00 0.000000000000000e+00
yras   = 0.000000000000000e+00 0.000000000000000e+00 -1.000000000000000e+00
zras   = 0.000000000000000e+00 1.000000000000000e+00 0.000000000000000e+00
cras   = 0.000000000000000e+00 0.000000000000000e+00 0.000000000000000e+00
