type      = 1 # LINEAR_RAS_TO_RAS
nxforms   = 1
mean      = 0.0000 0.0000 0.0000
sigma     = 1.0000
1 4 4
1.097640037536621e+00 3.683299943804741e-02 2.026499994099140e-02 -2.415085077285767e+00 
-5.925799906253815e-02 9.728760123252869e-01 9.628999978303909e-02 -3.375192260742188e+01 
-1.121800020337105e-02 -6.251399964094162e-02 1.097810029983521e+00 -1.559308624267578e+01 
0.000000000000000e+00 0.000000000000000e+00 0.000000000000000e+00 1.000000000000000e+00 
src volume info
valid = 1  # volume info valid
filename = /scratch/tmp/fs_mp2rage_tests/sourcedata/freesurfer_mp2rage/sub-fsm27uz/mri/orig_nu.mgz
volume = 256 256 256
voxelsize = 1.000000000000000e+00 1.000000000000000e+00 1.000000000000000e+00
xras   = -9.999999403953552e-01 -4.656612873077393e-10 0.000000000000000e+00
yras   = 0.000000000000000e+00 -3.725290298461914e-09 -1.000000000000000e+00
zras   = 4.656612873077393e-10 1.000000000000000e+00 0.000000000000000e+00
cras   = 1.592796325683594e+00 2.345550537109375e+01 -1.072271728515625e+01
dst volume info
valid = 1  # volume info valid
filename = /opt/freesurfer/average/mni305.cor.mgz
volume = 256 256 256
voxelsize = 1.000000000000000e+00 1.000000000000000e+00 1.000000000000000e+00
xras   = -1.000000000000000e+00 0.000000000000000e+00 0.000000000000000e+00
yras   = 0.000000000000000e+00 0.000000000000000e+00 -1.000000000000000e+00
zras   = 0.000000000000000e+00 1.000000000000000e+00 0.000000000000000e+00
cras   = 0.000000000000000e+00 0.000000000000000e+00 0.000000000000000e+00
subject fsaverage
fscale 0.100000
