# transform file /scratch/tmp/fs_mp2rage_tests/sourcedata/freesurfer_mp2rage/sub-fsm10cv/mri/transforms/cc_up.lta
# created by bpinsard on Sat Nov 23 21:11:27 2024

type      = 0 # LINEAR_VOX_TO_VOX
nxforms   = 1
mean      = 127.0000 104.0000 99.0000
sigma     = 10000.0000
1 4 4
9.993380308151245e-01 -3.420388326048851e-02 1.240196358412504e-02 4.237962722778320e+00 
3.420124948024750e-02 9.994149804115295e-01 4.244436277076602e-04 3.868038940429688e+01 
-1.240922417491674e-02 0.000000000000000e+00 9.999230504035950e-01 3.857832336425781e+01 
0.000000000000000e+00 0.000000000000000e+00 0.000000000000000e+00 1.000000000000000e+00 
src volume info
valid = 1  # volume info valid
filename = /scratch/tmp/fs_mp2rage_tests/sourcedata/freesurfer_mp2rage/sub-fsm10cv/mri/norm.mgz
volume = 256 256 256
voxelsize = 1.000000000000000e+00 1.000000000000000e+00 1.000000000000000e+00
xras   = -1.000000000000000e+00 2.328306436538696e-10 -3.725290298461914e-09
yras   = 3.725290298461914e-09 -7.450580596923828e-09 -1.000000000000000e+00
zras   = -4.656612873077393e-10 1.000000119209290e+00 -7.450580596923828e-09
cras   = 7.257995605468750e-01 4.252363586425781e+01 -2.642422485351562e+01
dst volume info
valid = 1  # volume info valid
filename = /scratch/tmp/fs_mp2rage_tests/sourcedata/freesurfer_mp2rage/sub-fsm10cv/mri/norm.mgz
volume = 256 256 256
voxelsize = 1.000000000000000e+00 1.000000000000000e+00 1.000000000000000e+00
xras   = -1.000000000000000e+00 2.328306436538696e-10 -3.725290298461914e-09
yras   = 3.725290298461914e-09 -7.450580596923828e-09 -1.000000000000000e+00
zras   = -4.656612873077393e-10 1.000000119209290e+00 -7.450580596923828e-09
cras   = 7.257995605468750e-01 4.252363586425781e+01 -2.642422485351562e+01
