type      = 0 # LINEAR_VOX_TO_VOX
nxforms   = 1
mean      = 0.0000 0.0000 0.0000
sigma     = 1.0000
1 4 4
1.060173988342285e+00 -4.334800317883492e-02 5.249000620096922e-03 -2.894409179687500e+00 
3.216100484132767e-02 1.100378036499023e+00 3.851700723171234e-01 -3.030839538574219e+01 
1.961099728941917e-02 -2.997390031814575e-01 1.086133122444153e+00 2.893304443359375e+01 
0.000000000000000e+00 0.000000000000000e+00 0.000000000000000e+00 1.000000000000000e+00 
src volume info
valid = 1  # volume info valid
filename = /scratch/tmp/fs_mp2rage_tests/sourcedata/freesurfer_mp2rage/sub-fsm10cv/mri/orig.mgz
volume = 256 256 256
voxelsize = 1.000000000000000e+00 1.000000000000000e+00 1.000000000000000e+00
xras   = -1.000000000000000e+00 2.328306436538696e-10 -3.725290298461914e-09
yras   = 3.725290298461914e-09 -7.450580596923828e-09 -1.000000000000000e+00
zras   = -4.656612873077393e-10 1.000000119209290e+00 -7.450580596923828e-09
cras   = 7.257995605468750e-01 4.252363586425781e+01 -2.642422485351562e+01
dst volume info
valid = 1  # volume info valid
filename = /opt/freesurfer/average/mni305.cor.mgz
volume = 256 256 256
voxelsize = 1.000000000000000e+00 1.000000000000000e+00 1.000000000000000e+00
xras   = -1.000000000000000e+00 0.000000000000000e+00 0.000000000000000e+00
yras   = 0.000000000000000e+00 0.000000000000000e+00 -1.000000000000000e+00
zras   = 0.000000000000000e+00 1.000000000000000e+00 0.000000000000000e+00
cras   = 0.000000000000000e+00 0.000000000000000e+00 0.000000000000000e+00
subject fsaverage
fscale 0.100000
