# transform file transforms/talairach.lta
# created by bpinsard on Sat Nov 23 18:14:48 2024

type      = 0 # LINEAR_VOX_TO_VOX
nxforms   = 1
mean      = 130.0000 110.0000 100.0000
sigma     = 10000.0000
1 4 4
1.094316840171814e+00 -5.921542644500732e-02 6.492440402507782e-02 -1.486210441589355e+01 
2.657164633274078e-02 1.042091012001038e+00 4.209340512752533e-01 -3.038819313049316e+01 
-1.104500517249107e-01 -3.723921477794647e-01 9.619536399841309e-01 6.997943878173828e+01 
0.000000000000000e+00 0.000000000000000e+00 0.000000000000000e+00 1.000000000000000e+00 
src volume info
valid = 1  # volume info valid
filename = nu.mgz
volume = 256 256 256
voxelsize = 1.000000000000000e+00 1.000000000000000e+00 1.000000000000000e+00
xras   = -9.999999403953552e-01 -4.656612873077393e-10 -3.725290298461914e-09
yras   = -3.725290298461914e-09 0.000000000000000e+00 -9.999999403953552e-01
zras   = 4.656612873077393e-10 9.999999403953552e-01 -1.490116119384766e-08
cras   = -2.100448608398438e-01 4.514543151855469e+01 -1.603077697753906e+01
dst volume info
valid = 1  # volume info valid
filename = /opt/freesurfer/average/RB_all_2020-01-02.gca
volume = 256 256 256
voxelsize = 1.000000000000000e+00 1.000000000000000e+00 1.000000000000000e+00
xras   = -1.000000000000000e+00 0.000000000000000e+00 0.000000000000000e+00
yras   = 0.000000000000000e+00 0.000000000000000e+00 -1.000000000000000e+00
zras   = 0.000000000000000e+00 1.000000000000000e+00 0.000000000000000e+00
cras   = 0.000000000000000e+00 0.000000000000000e+00 0.000000000000000e+00
