type      = 1 # LINEAR_RAS_TO_RAS
nxforms   = 1
mean      = 0.0000 0.0000 0.0000
sigma     = 1.0000
1 4 4
1.105780005455017e+00 -5.450199916958809e-02 -6.518799811601639e-02 2.719818115234375e+00 
1.140749976038933e-01 9.753699898719788e-01 3.355390131473541e-01 -3.460781860351562e+01 
1.272299978882074e-02 -3.804669976234436e-01 1.035305023193359e+00 3.159499883651733e+00 
0.000000000000000e+00 0.000000000000000e+00 0.000000000000000e+00 1.000000000000000e+00 
src volume info
valid = 1  # volume info valid
filename = /scratch/tmp/fs_mp2rage_tests/sourcedata/freesurfer_mp2rage/sub-fsm93cs/mri/orig_nu.mgz
volume = 256 256 256
voxelsize = 1.000000000000000e+00 1.000000000000000e+00 1.000000000000000e+00
xras   = -9.999999403953552e-01 -4.656612873077393e-10 -3.725290298461914e-09
yras   = -3.725290298461914e-09 0.000000000000000e+00 -9.999999403953552e-01
zras   = 4.656612873077393e-10 9.999999403953552e-01 -1.490116119384766e-08
cras   = -2.100448608398438e-01 4.514543151855469e+01 -1.603077697753906e+01
dst volume info
valid = 1  # volume info valid
filename = /opt/freesurfer/average/mni305.cor.mgz
volume = 256 256 256
voxelsize = 1.000000000000000e+00 1.000000000000000e+00 1.000000000000000e+00
xras   = -1.000000000000000e+00 0.000000000000000e+00 0.000000000000000e+00
yras   = 0.000000000000000e+00 0.000000000000000e+00 -1.000000000000000e+00
zras   = 0.000000000000000e+00 1.000000000000000e+00 0.000000000000000e+00
cras   = 0.000000000000000e+00 0.000000000000000e+00 0.000000000000000e+00
subject fsaverage
fscale 0.100000
