type      = 0 # LINEAR_VOX_TO_VOX
nxforms   = 1
mean      = 0.0000 0.0000 0.0000
sigma     = 1.0000
1 4 4
1.105779886245728e+00 -6.518798321485519e-02 5.450199544429779e-02 -1.324407958984375e+01 
1.272300258278847e-02 1.035304903984070e+00 3.804669976234436e-01 -2.423109436035156e+01 
-1.140749901533127e-01 -3.355389833450317e-01 9.753699302673340e-01 6.472601318359375e+01 
0.000000000000000e+00 0.000000000000000e+00 0.000000000000000e+00 1.000000000000000e+00 
src volume info
valid = 1  # volume info valid
filename = /scratch/tmp/fs_mp2rage_tests/sourcedata/freesurfer_mp2rage/sub-fsm93cs/mri/orig.mgz
volume = 256 256 256
voxelsize = 1.000000000000000e+00 1.000000000000000e+00 1.000000000000000e+00
xras   = -9.999999403953552e-01 -4.656612873077393e-10 -3.725290298461914e-09
yras   = -3.725290298461914e-09 0.000000000000000e+00 -9.999999403953552e-01
zras   = 4.656612873077393e-10 9.999999403953552e-01 -1.490116119384766e-08
cras   = -2.100448608398438e-01 4.514543151855469e+01 -1.603077697753906e+01
dst volume info
valid = 1  # volume info valid
filename = /opt/freesurfer/average/mni305.cor.mgz
volume = 256 256 256
voxelsize = 1.000000000000000e+00 1.000000000000000e+00 1.000000000000000e+00
xras   = -1.000000000000000e+00 0.000000000000000e+00 0.000000000000000e+00
yras   = 0.000000000000000e+00 0.000000000000000e+00 -1.000000000000000e+00
zras   = 0.000000000000000e+00 1.000000000000000e+00 0.000000000000000e+00
cras   = 0.000000000000000e+00 0.000000000000000e+00 0.000000000000000e+00
subject fsaverage
fscale 0.100000
