type      = 0 # LINEAR_VOX_TO_VOX
nxforms   = 1
mean      = 0.0000 0.0000 0.0000
sigma     = 1.0000
1 4 4
1.007398128509521e+00 1.321800425648689e-02 9.582601487636566e-02 -1.511672973632812e+01 
-3.697500750422478e-02 1.070745110511780e+00 7.600899785757065e-02 1.668848419189453e+01 
-8.147200942039490e-02 -1.840080171823502e-01 9.569771289825439e-01 1.874485015869141e+01 
0.000000000000000e+00 0.000000000000000e+00 0.000000000000000e+00 1.000000000000000e+00 
src volume info
valid = 1  # volume info valid
filename = /scratch/tmp/fs_mp2rage_tests2/sourcedata/freesurfer_memprage/sub-fsm22db/mri/orig.mgz
volume = 256 256 256
voxelsize = 1.000000000000000e+00 1.000000000000000e+00 1.000000000000000e+00
xras   = -1.000000119209290e+00 -9.313225746154785e-10 1.862645149230957e-09
yras   = -1.862645149230957e-09 7.450580596923828e-09 -1.000000119209290e+00
zras   = 6.984919309616089e-10 1.000000119209290e+00 7.450580596923828e-09
cras   = 6.165695190429688e-01 1.666812133789062e+01 -1.729821777343750e+01
dst volume info
valid = 1  # volume info valid
filename = /opt/freesurfer/average/mni305.cor.mgz
volume = 256 256 256
voxelsize = 1.000000000000000e+00 1.000000000000000e+00 1.000000000000000e+00
xras   = -1.000000000000000e+00 0.000000000000000e+00 0.000000000000000e+00
yras   = 0.000000000000000e+00 0.000000000000000e+00 -1.000000000000000e+00
zras   = 0.000000000000000e+00 1.000000000000000e+00 0.000000000000000e+00
cras   = 0.000000000000000e+00 0.000000000000000e+00 0.000000000000000e+00
subject fsaverage
fscale 0.100000
