# transform file transforms/talairach.lta
# created by bpinsard on Sun Nov 24 08:25:10 2024

type      = 0 # LINEAR_VOX_TO_VOX
nxforms   = 1
mean      = 130.0000 96.0000 124.0000
sigma     = 10000.0000
1 4 4
1.000247955322266e+00 6.462161242961884e-02 1.192598417401314e-01 -2.398743057250977e+01 
-7.126890867948532e-02 1.108529686927795e+00 9.978740662336349e-02 1.290850639343262e+01 
-1.458116769790649e-01 -1.660720556974411e-01 9.329590201377869e-01 3.012845230102539e+01 
0.000000000000000e+00 0.000000000000000e+00 0.000000000000000e+00 1.000000000000000e+00 
src volume info
valid = 1  # volume info valid
filename = nu.mgz
volume = 256 256 256
voxelsize = 1.000000000000000e+00 1.000000000000000e+00 1.000000000000000e+00
xras   = -1.000000119209290e+00 -9.313225746154785e-10 1.862645149230957e-09
yras   = -1.862645149230957e-09 7.450580596923828e-09 -1.000000119209290e+00
zras   = 6.984919309616089e-10 1.000000119209290e+00 7.450580596923828e-09
cras   = 6.165695190429688e-01 1.666812133789062e+01 -1.729821777343750e+01
dst volume info
valid = 1  # volume info valid
filename = /opt/freesurfer/average/RB_all_2020-01-02.gca
volume = 256 256 256
voxelsize = 1.000000000000000e+00 1.000000000000000e+00 1.000000000000000e+00
xras   = -1.000000000000000e+00 0.000000000000000e+00 0.000000000000000e+00
yras   = 0.000000000000000e+00 0.000000000000000e+00 -1.000000000000000e+00
zras   = 0.000000000000000e+00 1.000000000000000e+00 0.000000000000000e+00
cras   = 0.000000000000000e+00 0.000000000000000e+00 0.000000000000000e+00
