# transform file /scratch/tmp/fs_mp2rage_tests/sourcedata/freesurfer_mp2rage/sub-fsm84zy/mri/transforms/cc_up.lta
# created by bpinsard on Sun Nov 24 07:08:15 2024

type      = 0 # LINEAR_VOX_TO_VOX
nxforms   = 1
mean      = 130.0000 100.0000 109.0000
sigma     = 10000.0000
1 4 4
9.966630339622498e-01 8.143278956413269e-02 -5.611510016024113e-03 -8.425951004028320e+00 
-8.143150061368942e-02 9.966788291931152e-01 4.584836424328387e-04 5.996503067016602e+01 
5.630209110677242e-03 -2.910383045673370e-11 9.999841451644897e-01 2.625841522216797e+01 
0.000000000000000e+00 0.000000000000000e+00 0.000000000000000e+00 1.000000000000000e+00 
src volume info
valid = 1  # volume info valid
filename = /scratch/tmp/fs_mp2rage_tests/sourcedata/freesurfer_mp2rage/sub-fsm84zy/mri/norm.mgz
volume = 256 256 256
voxelsize = 1.000000000000000e+00 1.000000000000000e+00 1.000000000000000e+00
xras   = -1.000000000000000e+00 0.000000000000000e+00 0.000000000000000e+00
yras   = 7.450580596923828e-09 7.450580596923828e-09 -9.999999403953552e-01
zras   = -4.656612873077393e-10 1.000000000000000e+00 7.450580596923828e-09
cras   = 2.972694396972656e+00 3.469775390625000e+01 -2.020069885253906e+01
dst volume info
valid = 1  # volume info valid
filename = /scratch/tmp/fs_mp2rage_tests/sourcedata/freesurfer_mp2rage/sub-fsm84zy/mri/norm.mgz
volume = 256 256 256
voxelsize = 1.000000000000000e+00 1.000000000000000e+00 1.000000000000000e+00
xras   = -1.000000000000000e+00 0.000000000000000e+00 0.000000000000000e+00
yras   = 7.450580596923828e-09 7.450580596923828e-09 -9.999999403953552e-01
zras   = -4.656612873077393e-10 1.000000000000000e+00 7.450580596923828e-09
cras   = 2.972694396972656e+00 3.469775390625000e+01 -2.020069885253906e+01
