# transform file transforms/talairach.lta
# created by bpinsard on Sat Nov 23 18:10:01 2024

type      = 0 # LINEAR_VOX_TO_VOX
nxforms   = 1
mean      = 130.0000 100.0000 108.0000
sigma     = 10000.0000
1 4 4
1.105705022811890e+00 1.159823387861252e-01 2.255606278777122e-02 -3.135372352600098e+01 
-1.178822144865990e-01 1.099005341529846e+00 9.649641811847687e-02 2.032195663452148e+01 
-1.445097755640745e-02 -1.151062026619911e-01 1.028840661048889e+00 1.392465686798096e+01 
0.000000000000000e+00 0.000000000000000e+00 0.000000000000000e+00 1.000000000000000e+00 
src volume info
valid = 1  # volume info valid
filename = nu.mgz
volume = 256 256 256
voxelsize = 1.000000000000000e+00 1.000000000000000e+00 1.000000000000000e+00
xras   = -1.000000000000000e+00 0.000000000000000e+00 0.000000000000000e+00
yras   = 7.450580596923828e-09 7.450580596923828e-09 -9.999999403953552e-01
zras   = -4.656612873077393e-10 1.000000000000000e+00 7.450580596923828e-09
cras   = 2.972694396972656e+00 3.469775390625000e+01 -2.020069885253906e+01
dst volume info
valid = 1  # volume info valid
filename = /opt/freesurfer/average/RB_all_2020-01-02.gca
volume = 256 256 256
voxelsize = 1.000000000000000e+00 1.000000000000000e+00 1.000000000000000e+00
xras   = -1.000000000000000e+00 0.000000000000000e+00 0.000000000000000e+00
yras   = 0.000000000000000e+00 0.000000000000000e+00 -1.000000000000000e+00
zras   = 0.000000000000000e+00 1.000000000000000e+00 0.000000000000000e+00
cras   = 0.000000000000000e+00 0.000000000000000e+00 0.000000000000000e+00
