# transform file /scratch/tmp/fs_mp2rage_tests/sourcedata/freesurfer_mp2rage/sub-fsm08un/mri/transforms/cc_up.lta
# created by bpinsard on Sat Nov 23 21:10:59 2024

type      = 0 # LINEAR_VOX_TO_VOX
nxforms   = 1
mean      = 128.0000 100.0000 103.0000
sigma     = 10000.0000
1 4 4
9.998405575752258e-01 -1.060639042407274e-02 -1.437093038111925e-02 2.031267166137695e+00 
1.060529518872499e-02 9.999437928199768e-01 -1.524322578916326e-04 5.765996551513672e+01 
1.437173876911402e-02 0.000000000000000e+00 9.998967647552490e-01 3.716960525512695e+01 
0.000000000000000e+00 0.000000000000000e+00 0.000000000000000e+00 1.000000000000000e+00 
src volume info
valid = 1  # volume info valid
filename = /scratch/tmp/fs_mp2rage_tests/sourcedata/freesurfer_mp2rage/sub-fsm08un/mri/norm.mgz
volume = 256 256 256
voxelsize = 1.000000000000000e+00 1.000000000000000e+00 1.000000000000000e+00
xras   = -1.000000119209290e+00 -1.746229827404022e-10 0.000000000000000e+00
yras   = 0.000000000000000e+00 9.313225746154785e-10 -1.000000119209290e+00
zras   = -7.275957614183426e-10 1.000000000000000e+00 0.000000000000000e+00
cras   = 1.088350677490234e+01 3.644396972656250e+01 -2.032364654541016e+01
dst volume info
valid = 1  # volume info valid
filename = /scratch/tmp/fs_mp2rage_tests/sourcedata/freesurfer_mp2rage/sub-fsm08un/mri/norm.mgz
volume = 256 256 256
voxelsize = 1.000000000000000e+00 1.000000000000000e+00 1.000000000000000e+00
xras   = -1.000000119209290e+00 -1.746229827404022e-10 0.000000000000000e+00
yras   = 0.000000000000000e+00 9.313225746154785e-10 -1.000000119209290e+00
zras   = -7.275957614183426e-10 1.000000000000000e+00 0.000000000000000e+00
cras   = 1.088350677490234e+01 3.644396972656250e+01 -2.032364654541016e+01
