# transform file transforms/talairach.lta
# created by bpinsard on Sun Nov 24 08:39:04 2024

type      = 0 # LINEAR_VOX_TO_VOX
nxforms   = 1
mean      = 129.0000 109.0000 103.0000
sigma     = 10000.0000
1 4 4
1.120909810066223e+00 1.576866023242474e-02 -2.371391654014587e-02 -1.894524574279785e+01 
-9.069877676665783e-03 1.166308045387268e+00 3.426187336444855e-01 -3.174177932739258e+01 
2.770950086414814e-02 -2.696495354175568e-01 1.064535975456238e+00 2.730683708190918e+01 
0.000000000000000e+00 0.000000000000000e+00 0.000000000000000e+00 1.000000000000000e+00 
src volume info
valid = 1  # volume info valid
filename = nu.mgz
volume = 256 256 256
voxelsize = 1.000000000000000e+00 1.000000000000000e+00 1.000000000000000e+00
xras   = -1.000000000000000e+00 1.862645149230957e-09 7.450580596923828e-09
yras   = 7.450580596923828e-09 1.490116119384766e-08 -1.000000000000000e+00
zras   = -9.313225746154785e-10 1.000000000000000e+00 0.000000000000000e+00
cras   = -2.642402648925781e+00 3.501708221435547e+01 -3.652822875976562e+01
dst volume info
valid = 1  # volume info valid
filename = /opt/freesurfer/average/RB_all_2020-01-02.gca
volume = 256 256 256
voxelsize = 1.000000000000000e+00 1.000000000000000e+00 1.000000000000000e+00
xras   = -1.000000000000000e+00 0.000000000000000e+00 0.000000000000000e+00
yras   = 0.000000000000000e+00 0.000000000000000e+00 -1.000000000000000e+00
zras   = 0.000000000000000e+00 1.000000000000000e+00 0.000000000000000e+00
cras   = 0.000000000000000e+00 0.000000000000000e+00 0.000000000000000e+00
