type      = 0 # LINEAR_VOX_TO_VOX
nxforms   = 1
mean      = 0.0000 0.0000 0.0000
sigma     = 1.0000
1 4 4
1.219954967498779e+00 6.429699063301086e-02 -1.539499871432781e-02 -3.531735229492188e+01 
-4.979400709271431e-02 1.185009002685547e+00 3.813889920711517e-01 -3.196969604492188e+01 
-4.443099349737167e-02 -3.431029617786407e-01 1.155441045761108e+00 3.447502136230469e+01 
0.000000000000000e+00 0.000000000000000e+00 0.000000000000000e+00 1.000000000000000e+00 
src volume info
valid = 1  # volume info valid
filename = /scratch/tmp/fs_mp2rage_tests2/sourcedata/freesurfer_memprage/sub-fsm64ps/mri/orig.mgz
volume = 256 256 256
voxelsize = 1.000000000000000e+00 1.000000000000000e+00 1.000000000000000e+00
xras   = -1.000000000000000e+00 1.862645149230957e-09 7.450580596923828e-09
yras   = 7.450580596923828e-09 1.490116119384766e-08 -1.000000000000000e+00
zras   = -9.313225746154785e-10 1.000000000000000e+00 0.000000000000000e+00
cras   = -2.642402648925781e+00 3.501708221435547e+01 -3.652822875976562e+01
dst volume info
valid = 1  # volume info valid
filename = /opt/freesurfer/average/mni305.cor.mgz
volume = 256 256 256
voxelsize = 1.000000000000000e+00 1.000000000000000e+00 1.000000000000000e+00
xras   = -1.000000000000000e+00 0.000000000000000e+00 0.000000000000000e+00
yras   = 0.000000000000000e+00 0.000000000000000e+00 -1.000000000000000e+00
zras   = 0.000000000000000e+00 1.000000000000000e+00 0.000000000000000e+00
cras   = 0.000000000000000e+00 0.000000000000000e+00 0.000000000000000e+00
subject fsaverage
fscale 0.100000
