# transform file /scratch/tmp/fs_mp2rage_tests/sourcedata/freesurfer_mp2rage/sub-fsm70qy/mri/transforms/cc_up.lta
# created by bpinsard on Sun Nov 24 06:30:39 2024

type      = 0 # LINEAR_VOX_TO_VOX
nxforms   = 1
mean      = 129.0000 96.0000 121.0000
sigma     = 10000.0000
1 4 4
9.922710657119751e-01 -6.363774091005325e-02 1.065285429358482e-01 -6.389851093292236e+00 
6.327414512634277e-02 9.979730248451233e-01 6.793004926294088e-03 4.434180450439453e+01 
-1.067449077963829e-01 4.656612873077393e-10 9.942864775657654e-01 2.820794868469238e+01 
0.000000000000000e+00 0.000000000000000e+00 0.000000000000000e+00 1.000000000000000e+00 
src volume info
valid = 1  # volume info valid
filename = /scratch/tmp/fs_mp2rage_tests/sourcedata/freesurfer_mp2rage/sub-fsm70qy/mri/norm.mgz
volume = 256 256 256
voxelsize = 1.000000000000000e+00 1.000000000000000e+00 1.000000000000000e+00
xras   = -9.999999403953552e-01 -5.587935447692871e-09 7.450580596923828e-09
yras   = 7.450580596923828e-09 0.000000000000000e+00 -1.000000000000000e+00
zras   = 6.053596735000610e-09 9.999999403953552e-01 0.000000000000000e+00
cras   = 1.311219787597656e+01 1.311427307128906e+01 -2.759615325927734e+01
dst volume info
valid = 1  # volume info valid
filename = /scratch/tmp/fs_mp2rage_tests/sourcedata/freesurfer_mp2rage/sub-fsm70qy/mri/norm.mgz
volume = 256 256 256
voxelsize = 1.000000000000000e+00 1.000000000000000e+00 1.000000000000000e+00
xras   = -9.999999403953552e-01 -5.587935447692871e-09 7.450580596923828e-09
yras   = 7.450580596923828e-09 0.000000000000000e+00 -1.000000000000000e+00
zras   = 6.053596735000610e-09 9.999999403953552e-01 0.000000000000000e+00
cras   = 1.311219787597656e+01 1.311427307128906e+01 -2.759615325927734e+01
