type      = 0 # LINEAR_VOX_TO_VOX
nxforms   = 1
mean      = 0.0000 0.0000 0.0000
sigma     = 1.0000
1 4 4
1.158900856971741e+00 -8.291300386190414e-02 1.186819821596146e-01 -2.683760070800781e+01 
7.666298747062683e-02 1.191846013069153e+00 5.687999725341797e-02 -7.428848266601562e+00 
-1.325229853391647e-01 -1.563059985637665e-01 1.173100829124451e+00 -1.070007324218750e+00 
0.000000000000000e+00 0.000000000000000e+00 0.000000000000000e+00 1.000000000000000e+00 
src volume info
valid = 1  # volume info valid
filename = /scratch/tmp/fs_mp2rage_tests/sourcedata/freesurfer_mp2rage/sub-fsm70qy/mri/orig.mgz
volume = 256 256 256
voxelsize = 1.000000000000000e+00 1.000000000000000e+00 1.000000000000000e+00
xras   = -9.999999403953552e-01 -5.587935447692871e-09 7.450580596923828e-09
yras   = 7.450580596923828e-09 0.000000000000000e+00 -1.000000000000000e+00
zras   = 6.053596735000610e-09 9.999999403953552e-01 0.000000000000000e+00
cras   = 1.311219787597656e+01 1.311427307128906e+01 -2.759615325927734e+01
dst volume info
valid = 1  # volume info valid
filename = /opt/freesurfer/average/mni305.cor.mgz
volume = 256 256 256
voxelsize = 1.000000000000000e+00 1.000000000000000e+00 1.000000000000000e+00
xras   = -1.000000000000000e+00 0.000000000000000e+00 0.000000000000000e+00
yras   = 0.000000000000000e+00 0.000000000000000e+00 -1.000000000000000e+00
zras   = 0.000000000000000e+00 1.000000000000000e+00 0.000000000000000e+00
cras   = 0.000000000000000e+00 0.000000000000000e+00 0.000000000000000e+00
subject fsaverage
fscale 0.100000
