# transform file transforms/talairach.lta
# created by bpinsard on Sat Nov 23 18:08:09 2024

type      = 0 # LINEAR_VOX_TO_VOX
nxforms   = 1
mean      = 131.0000 96.0000 121.0000
sigma     = 10000.0000
1 4 4
1.066469311714172e+00 -5.161529034376144e-02 1.404246836900711e-01 -2.194211387634277e+01 
6.048173084855080e-02 1.212496399879456e+00 6.923974491655827e-03 -2.933995723724365e-01 
-1.840254068374634e-01 8.436388452537358e-04 1.098060250282288e+00 -5.348556041717529e-01 
0.000000000000000e+00 0.000000000000000e+00 0.000000000000000e+00 1.000000000000000e+00 
src volume info
valid = 1  # volume info valid
filename = nu.mgz
volume = 256 256 256
voxelsize = 1.000000000000000e+00 1.000000000000000e+00 1.000000000000000e+00
xras   = -9.999999403953552e-01 -5.587935447692871e-09 7.450580596923828e-09
yras   = 7.450580596923828e-09 0.000000000000000e+00 -1.000000000000000e+00
zras   = 6.053596735000610e-09 9.999999403953552e-01 0.000000000000000e+00
cras   = 1.311219787597656e+01 1.311427307128906e+01 -2.759615325927734e+01
dst volume info
valid = 1  # volume info valid
filename = /opt/freesurfer/average/RB_all_2020-01-02.gca
volume = 256 256 256
voxelsize = 1.000000000000000e+00 1.000000000000000e+00 1.000000000000000e+00
xras   = -1.000000000000000e+00 0.000000000000000e+00 0.000000000000000e+00
yras   = 0.000000000000000e+00 0.000000000000000e+00 -1.000000000000000e+00
zras   = 0.000000000000000e+00 1.000000000000000e+00 0.000000000000000e+00
cras   = 0.000000000000000e+00 0.000000000000000e+00 0.000000000000000e+00
