# transform file /scratch/tmp/fs_mp2rage_tests/sourcedata/freesurfer_mp2rage/sub-fsm90ao/mri/transforms/cc_up.lta
# created by bpinsard on Sun Nov 24 10:01:57 2024

type      = 0 # LINEAR_VOX_TO_VOX
nxforms   = 1
mean      = 131.0000 95.0000 121.0000
sigma     = 10000.0000
1 4 4
9.980537891387939e-01 3.253242745995522e-02 5.320268496870995e-02 -1.161674880981445e+01 
-3.248630464076996e-02 9.994707703590393e-01 -1.731729018501937e-03 5.550369644165039e+01 
-5.323085933923721e-02 0.000000000000000e+00 9.985823035240173e-01 1.914812278747559e+01 
0.000000000000000e+00 0.000000000000000e+00 0.000000000000000e+00 1.000000000000000e+00 
src volume info
valid = 1  # volume info valid
filename = /scratch/tmp/fs_mp2rage_tests/sourcedata/freesurfer_mp2rage/sub-fsm90ao/mri/norm.mgz
volume = 256 256 256
voxelsize = 1.000000000000000e+00 1.000000000000000e+00 1.000000000000000e+00
xras   = -1.000000119209290e+00 1.396983861923218e-09 0.000000000000000e+00
yras   = -3.725290298461914e-09 1.490116119384766e-08 -1.000000000000000e+00
zras   = 2.793967723846436e-09 1.000000119209290e+00 -7.450580596923828e-09
cras   = 9.635925292968750e-01 2.107974243164062e+01 -1.144831085205078e+01
dst volume info
valid = 1  # volume info valid
filename = /scratch/tmp/fs_mp2rage_tests/sourcedata/freesurfer_mp2rage/sub-fsm90ao/mri/norm.mgz
volume = 256 256 256
voxelsize = 1.000000000000000e+00 1.000000000000000e+00 1.000000000000000e+00
xras   = -1.000000119209290e+00 1.396983861923218e-09 0.000000000000000e+00
yras   = -3.725290298461914e-09 1.490116119384766e-08 -1.000000000000000e+00
zras   = 2.793967723846436e-09 1.000000119209290e+00 -7.450580596923828e-09
cras   = 9.635925292968750e-01 2.107974243164062e+01 -1.144831085205078e+01
