type      = 0 # LINEAR_VOX_TO_VOX
nxforms   = 1
mean      = 0.0000 0.0000 0.0000
sigma     = 1.0000
1 4 4
1.112118124961853e+00 3.142500296235085e-02 5.129300430417061e-02 -2.651121520996094e+01 
-5.328900739550591e-02 1.269438982009888e+00 9.959010407328606e-03 7.776939392089844e+00 
-7.003400474786758e-02 -2.126998268067837e-02 1.083459138870239e+00 -1.141026306152344e+01 
0.000000000000000e+00 0.000000000000000e+00 0.000000000000000e+00 1.000000000000000e+00 
src volume info
valid = 1  # volume info valid
filename = /scratch/tmp/fs_mp2rage_tests/sourcedata/freesurfer_mp2rage/sub-fsm90ao/mri/orig.mgz
volume = 256 256 256
voxelsize = 1.000000000000000e+00 1.000000000000000e+00 1.000000000000000e+00
xras   = -1.000000119209290e+00 1.396983861923218e-09 0.000000000000000e+00
yras   = -3.725290298461914e-09 1.490116119384766e-08 -1.000000000000000e+00
zras   = 2.793967723846436e-09 1.000000119209290e+00 -7.450580596923828e-09
cras   = 9.635925292968750e-01 2.107974243164062e+01 -1.144831085205078e+01
dst volume info
valid = 1  # volume info valid
filename = /opt/freesurfer/average/mni305.cor.mgz
volume = 256 256 256
voxelsize = 1.000000000000000e+00 1.000000000000000e+00 1.000000000000000e+00
xras   = -1.000000000000000e+00 0.000000000000000e+00 0.000000000000000e+00
yras   = 0.000000000000000e+00 0.000000000000000e+00 -1.000000000000000e+00
zras   = 0.000000000000000e+00 1.000000000000000e+00 0.000000000000000e+00
cras   = 0.000000000000000e+00 0.000000000000000e+00 0.000000000000000e+00
subject fsaverage
fscale 0.100000
