# transform file transforms/talairach.lta
# created by bpinsard on Sat Nov 23 18:12:31 2024

type      = 0 # LINEAR_VOX_TO_VOX
nxforms   = 1
mean      = 131.0000 95.0000 121.0000
sigma     = 10000.0000
1 4 4
1.102140545845032e+00 7.782255113124847e-02 6.752446293830872e-02 -3.223564147949219e+01 
-7.741514593362808e-02 1.284308671951294e+00 -1.508984528481960e-02 1.306269836425781e+01 
-7.594408839941025e-02 1.064904406666756e-02 1.073875904083252e+00 -1.144088172912598e+01 
0.000000000000000e+00 0.000000000000000e+00 0.000000000000000e+00 1.000000000000000e+00 
src volume info
valid = 1  # volume info valid
filename = nu.mgz
volume = 256 256 256
voxelsize = 1.000000000000000e+00 1.000000000000000e+00 1.000000000000000e+00
xras   = -1.000000119209290e+00 1.396983861923218e-09 0.000000000000000e+00
yras   = -3.725290298461914e-09 1.490116119384766e-08 -1.000000000000000e+00
zras   = 2.793967723846436e-09 1.000000119209290e+00 -7.450580596923828e-09
cras   = 9.635925292968750e-01 2.107974243164062e+01 -1.144831085205078e+01
dst volume info
valid = 1  # volume info valid
filename = /opt/freesurfer/average/RB_all_2020-01-02.gca
volume = 256 256 256
voxelsize = 1.000000000000000e+00 1.000000000000000e+00 1.000000000000000e+00
xras   = -1.000000000000000e+00 0.000000000000000e+00 0.000000000000000e+00
yras   = 0.000000000000000e+00 0.000000000000000e+00 -1.000000000000000e+00
zras   = 0.000000000000000e+00 1.000000000000000e+00 0.000000000000000e+00
cras   = 0.000000000000000e+00 0.000000000000000e+00 0.000000000000000e+00
