type      = 1 # LINEAR_RAS_TO_RAS
nxforms   = 1
mean      = 0.0000 0.0000 0.0000
sigma     = 1.0000
1 4 4
1.112118005752563e+00 -5.129300057888031e-02 3.142499923706055e-02 1.941558957099915e+00 
7.003399729728699e-02 1.083459019660950e+00 2.126999944448471e-02 -3.507742309570312e+01 
-5.328899994492531e-02 -9.959000162780285e-03 1.269438982009888e+00 -2.192467498779297e+01 
0.000000000000000e+00 0.000000000000000e+00 0.000000000000000e+00 1.000000000000000e+00 
src volume info
valid = 1  # volume info valid
filename = /scratch/tmp/fs_mp2rage_tests/sourcedata/freesurfer_mp2rage/sub-fsm90ao/mri/orig_nu.mgz
volume = 256 256 256
voxelsize = 1.000000000000000e+00 1.000000000000000e+00 1.000000000000000e+00
xras   = -1.000000119209290e+00 1.396983861923218e-09 0.000000000000000e+00
yras   = -3.725290298461914e-09 1.490116119384766e-08 -1.000000000000000e+00
zras   = 2.793967723846436e-09 1.000000119209290e+00 -7.450580596923828e-09
cras   = 9.635925292968750e-01 2.107974243164062e+01 -1.144831085205078e+01
dst volume info
valid = 1  # volume info valid
filename = /opt/freesurfer/average/mni305.cor.mgz
volume = 256 256 256
voxelsize = 1.000000000000000e+00 1.000000000000000e+00 1.000000000000000e+00
xras   = -1.000000000000000e+00 0.000000000000000e+00 0.000000000000000e+00
yras   = 0.000000000000000e+00 0.000000000000000e+00 -1.000000000000000e+00
zras   = 0.000000000000000e+00 1.000000000000000e+00 0.000000000000000e+00
cras   = 0.000000000000000e+00 0.000000000000000e+00 0.000000000000000e+00
subject fsaverage
fscale 0.100000
