# transform file /scratch/tmp/fs_mp2rage_tests/sourcedata/freesurfer_mp2rage/sub-fsm40mn/mri/transforms/cc_up.lta
# created by bpinsard on Sun Nov 24 00:33:29 2024

type      = 0 # LINEAR_VOX_TO_VOX
nxforms   = 1
mean      = 129.0000 139.0000 128.0000
sigma     = 10000.0000
1 4 4
9.993986487388611e-01 -1.964759454131126e-02 2.857406623661518e-02 -1.444707632064819e+00 
1.963956840336323e-02 9.998070597648621e-01 5.615199916064739e-04 -3.588329792022705e+00 
-2.857958152890205e-02 0.000000000000000e+00 9.995915889739990e-01 2.475904846191406e+01 
0.000000000000000e+00 0.000000000000000e+00 0.000000000000000e+00 1.000000000000000e+00 
src volume info
valid = 1  # volume info valid
filename = /scratch/tmp/fs_mp2rage_tests/sourcedata/freesurfer_mp2rage/sub-fsm40mn/mri/norm.mgz
volume = 256 256 256
voxelsize = 1.000000000000000e+00 1.000000000000000e+00 1.000000000000000e+00
xras   = -1.000000000000000e+00 -6.984919309616089e-10 -4.656612873077393e-10
yras   = -4.656612873077393e-10 -2.980232238769531e-08 -1.000000000000000e+00
zras   = -2.328306436538696e-10 1.000000000000000e+00 -2.980232238769531e-08
cras   = 4.208869934082031e+00 -6.507434844970703e+00 -2.964736938476562e+00
dst volume info
valid = 1  # volume info valid
filename = /scratch/tmp/fs_mp2rage_tests/sourcedata/freesurfer_mp2rage/sub-fsm40mn/mri/norm.mgz
volume = 256 256 256
voxelsize = 1.000000000000000e+00 1.000000000000000e+00 1.000000000000000e+00
xras   = -1.000000000000000e+00 -6.984919309616089e-10 -4.656612873077393e-10
yras   = -4.656612873077393e-10 -2.980232238769531e-08 -1.000000000000000e+00
zras   = -2.328306436538696e-10 1.000000000000000e+00 -2.980232238769531e-08
cras   = 4.208869934082031e+00 -6.507434844970703e+00 -2.964736938476562e+00
