type      = 0 # LINEAR_VOX_TO_VOX
nxforms   = 1
mean      = 0.0000 0.0000 0.0000
sigma     = 1.0000
1 4 4
1.100432038307190e+00 -2.549700066447258e-02 1.418299879878759e-02 -1.263075256347656e+01 
-2.459900081157684e-02 8.891410231590271e-01 6.601319909095764e-01 -7.832933044433594e+01 
-3.238100185990334e-02 -6.240249872207642e-01 8.071249723434448e-01 9.607130432128906e+01 
0.000000000000000e+00 0.000000000000000e+00 0.000000000000000e+00 1.000000000000000e+00 
src volume info
valid = 1  # volume info valid
filename = /scratch/tmp/fs_mp2rage_tests/sourcedata/freesurfer_mp2rage/sub-fsm40mn/mri/orig.mgz
volume = 256 256 256
voxelsize = 1.000000000000000e+00 1.000000000000000e+00 1.000000000000000e+00
xras   = -1.000000000000000e+00 -6.984919309616089e-10 -4.656612873077393e-10
yras   = -4.656612873077393e-10 -2.980232238769531e-08 -1.000000000000000e+00
zras   = -2.328306436538696e-10 1.000000000000000e+00 -2.980232238769531e-08
cras   = 4.208869934082031e+00 -6.507434844970703e+00 -2.964736938476562e+00
dst volume info
valid = 1  # volume info valid
filename = /opt/freesurfer/average/mni305.cor.mgz
volume = 256 256 256
voxelsize = 1.000000000000000e+00 1.000000000000000e+00 1.000000000000000e+00
xras   = -1.000000000000000e+00 0.000000000000000e+00 0.000000000000000e+00
yras   = 0.000000000000000e+00 0.000000000000000e+00 -1.000000000000000e+00
zras   = 0.000000000000000e+00 1.000000000000000e+00 0.000000000000000e+00
cras   = 0.000000000000000e+00 0.000000000000000e+00 0.000000000000000e+00
subject fsaverage
fscale 0.100000
