# transform file transforms/talairach.lta
# created by bpinsard on Sat Nov 23 18:00:57 2024

type      = 0 # LINEAR_VOX_TO_VOX
nxforms   = 1
mean      = 129.0000 141.0000 128.0000
sigma     = 10000.0000
1 4 4
1.129656553268433e+00 -2.882029395550489e-03 4.652994126081467e-02 -2.555921936035156e+01 
-2.693929523229599e-02 9.234375357627869e-01 6.389595866203308e-01 -8.053260040283203e+01 
-4.647982865571976e-02 -6.186139583587646e-01 7.632157206535339e-01 1.016210021972656e+02 
0.000000000000000e+00 0.000000000000000e+00 0.000000000000000e+00 1.000000000000000e+00 
src volume info
valid = 1  # volume info valid
filename = nu.mgz
volume = 256 256 256
voxelsize = 1.000000000000000e+00 1.000000000000000e+00 1.000000000000000e+00
xras   = -1.000000000000000e+00 -6.984919309616089e-10 -4.656612873077393e-10
yras   = -4.656612873077393e-10 -2.980232238769531e-08 -1.000000000000000e+00
zras   = -2.328306436538696e-10 1.000000000000000e+00 -2.980232238769531e-08
cras   = 4.208869934082031e+00 -6.507434844970703e+00 -2.964736938476562e+00
dst volume info
valid = 1  # volume info valid
filename = /opt/freesurfer/average/RB_all_2020-01-02.gca
volume = 256 256 256
voxelsize = 1.000000000000000e+00 1.000000000000000e+00 1.000000000000000e+00
xras   = -1.000000000000000e+00 0.000000000000000e+00 0.000000000000000e+00
yras   = 0.000000000000000e+00 0.000000000000000e+00 -1.000000000000000e+00
zras   = 0.000000000000000e+00 1.000000000000000e+00 0.000000000000000e+00
cras   = 0.000000000000000e+00 0.000000000000000e+00 0.000000000000000e+00
