# transform file /scratch/tmp/fs_mp2rage_tests2/sourcedata/freesurfer_memprage/sub-fsm40mn/mri/transforms/cc_up.lta
# created by bpinsard on Sun Nov 24 19:02:26 2024

type      = 0 # LINEAR_VOX_TO_VOX
nxforms   = 1
mean      = 129.0000 119.0000 97.0000
sigma     = 10000.0000
1 4 4
9.994899034500122e-01 -2.305354364216328e-02 2.210566587746143e-02 -3.565798997879028e-01 
2.304790727794170e-02 9.997343420982361e-01 5.097493994981050e-04 2.298996543884277e+01 
-2.211154252290726e-02 0.000000000000000e+00 9.997555613517761e-01 4.489272689819336e+01 
0.000000000000000e+00 0.000000000000000e+00 0.000000000000000e+00 1.000000000000000e+00 
src volume info
valid = 1  # volume info valid
filename = /scratch/tmp/fs_mp2rage_tests2/sourcedata/freesurfer_memprage/sub-fsm40mn/mri/norm.mgz
volume = 256 256 256
voxelsize = 1.000000000000000e+00 1.000000000000000e+00 1.000000000000000e+00
xras   = -1.000000000000000e+00 6.984919309616089e-10 -4.656612873077393e-10
yras   = -4.656612873077393e-10 0.000000000000000e+00 -1.000000000000000e+00
zras   = 2.328306436538696e-10 1.000000000000000e+00 0.000000000000000e+00
cras   = 4.289512634277344e+00 2.527676773071289e+01 -2.260128784179688e+01
dst volume info
valid = 1  # volume info valid
filename = /scratch/tmp/fs_mp2rage_tests2/sourcedata/freesurfer_memprage/sub-fsm40mn/mri/norm.mgz
volume = 256 256 256
voxelsize = 1.000000000000000e+00 1.000000000000000e+00 1.000000000000000e+00
xras   = -1.000000000000000e+00 6.984919309616089e-10 -4.656612873077393e-10
yras   = -4.656612873077393e-10 0.000000000000000e+00 -1.000000000000000e+00
zras   = 2.328306436538696e-10 1.000000000000000e+00 0.000000000000000e+00
cras   = 4.289512634277344e+00 2.527676773071289e+01 -2.260128784179688e+01
