type      = 1 # LINEAR_RAS_TO_RAS
nxforms   = 1
mean      = 0.0000 0.0000 0.0000
sigma     = 1.0000
1 4 4
1.090039968490601e+00 -7.428999990224838e-03 -2.572299912571907e-02 -3.215378046035767e+00 
2.465200051665306e-02 8.116649985313416e-01 6.107090115547180e-01 -7.118820190429688e+00 
-2.921699918806553e-02 -6.436989903450012e-01 8.726900219917297e-01 8.243515014648438e+00 
0.000000000000000e+00 0.000000000000000e+00 0.000000000000000e+00 1.000000000000000e+00 
src volume info
valid = 1  # volume info valid
filename = /scratch/tmp/fs_mp2rage_tests2/sourcedata/freesurfer_memprage/sub-fsm40mn/mri/orig_nu.mgz
volume = 256 256 256
voxelsize = 1.000000000000000e+00 1.000000000000000e+00 1.000000000000000e+00
xras   = -1.000000000000000e+00 6.984919309616089e-10 -4.656612873077393e-10
yras   = -4.656612873077393e-10 0.000000000000000e+00 -1.000000000000000e+00
zras   = 2.328306436538696e-10 1.000000000000000e+00 0.000000000000000e+00
cras   = 4.289512634277344e+00 2.527676773071289e+01 -2.260128784179688e+01
dst volume info
valid = 1  # volume info valid
filename = /opt/freesurfer/average/mni305.cor.mgz
volume = 256 256 256
voxelsize = 1.000000000000000e+00 1.000000000000000e+00 1.000000000000000e+00
xras   = -1.000000000000000e+00 0.000000000000000e+00 0.000000000000000e+00
yras   = 0.000000000000000e+00 0.000000000000000e+00 -1.000000000000000e+00
zras   = 0.000000000000000e+00 1.000000000000000e+00 0.000000000000000e+00
cras   = 0.000000000000000e+00 0.000000000000000e+00 0.000000000000000e+00
subject fsaverage
fscale 0.100000
