# transform file transforms/talairach.lta
# created by bpinsard on Sun Nov 24 08:31:46 2024

type      = 0 # LINEAR_VOX_TO_VOX
nxforms   = 1
mean      = 129.0000 119.0000 97.0000
sigma     = 10000.0000
1 4 4
1.072528362274170e+00 -3.212903812527657e-02 3.274385258555412e-02 -1.285843658447266e+01 
6.740678567439318e-03 9.259214997291565e-01 6.495571136474609e-01 -4.523451232910156e+01 
-5.112895742058754e-02 -5.664893984794617e-01 7.991492152214050e-01 1.055333251953125e+02 
0.000000000000000e+00 0.000000000000000e+00 0.000000000000000e+00 1.000000000000000e+00 
src volume info
valid = 1  # volume info valid
filename = nu.mgz
volume = 256 256 256
voxelsize = 1.000000000000000e+00 1.000000000000000e+00 1.000000000000000e+00
xras   = -1.000000000000000e+00 6.984919309616089e-10 -4.656612873077393e-10
yras   = -4.656612873077393e-10 0.000000000000000e+00 -1.000000000000000e+00
zras   = 2.328306436538696e-10 1.000000000000000e+00 0.000000000000000e+00
cras   = 4.289512634277344e+00 2.527676773071289e+01 -2.260128784179688e+01
dst volume info
valid = 1  # volume info valid
filename = /opt/freesurfer/average/RB_all_2020-01-02.gca
volume = 256 256 256
voxelsize = 1.000000000000000e+00 1.000000000000000e+00 1.000000000000000e+00
xras   = -1.000000000000000e+00 0.000000000000000e+00 0.000000000000000e+00
yras   = 0.000000000000000e+00 0.000000000000000e+00 -1.000000000000000e+00
zras   = 0.000000000000000e+00 1.000000000000000e+00 0.000000000000000e+00
cras   = 0.000000000000000e+00 0.000000000000000e+00 0.000000000000000e+00
