type      = 0 # LINEAR_VOX_TO_VOX
nxforms   = 1
mean      = 0.0000 0.0000 0.0000
sigma     = 1.0000
1 4 4
1.125985860824585e+00 -1.705900020897388e-02 1.921000075526536e-03 -1.499809265136719e+01 
1.777699775993824e-02 1.219184041023254e+00 8.175798505544662e-02 -6.204132080078125e+00 
1.408000010997057e-02 -4.755901917815208e-02 1.196079969406128e+00 -1.844329833984375e+01 
0.000000000000000e+00 0.000000000000000e+00 0.000000000000000e+00 1.000000000000000e+00 
src volume info
valid = 1  # volume info valid
filename = /scratch/tmp/fs_mp2rage_tests2/sourcedata/freesurfer_memprage/sub-fsm23qf/mri/orig.mgz
volume = 256 256 256
voxelsize = 1.000000000000000e+00 1.000000000000000e+00 1.000000000000000e+00
xras   = -9.999999403953552e-01 7.566995918750763e-10 -4.656612873077393e-10
yras   = 0.000000000000000e+00 -1.490116119384766e-08 -1.000000000000000e+00
zras   = 5.820766091346741e-11 1.000000000000000e+00 1.490116119384766e-08
cras   = 3.831367492675781e+00 1.094680786132812e+01 -9.604934692382812e+00
dst volume info
valid = 1  # volume info valid
filename = /opt/freesurfer/average/mni305.cor.mgz
volume = 256 256 256
voxelsize = 1.000000000000000e+00 1.000000000000000e+00 1.000000000000000e+00
xras   = -1.000000000000000e+00 0.000000000000000e+00 0.000000000000000e+00
yras   = 0.000000000000000e+00 0.000000000000000e+00 -1.000000000000000e+00
zras   = 0.000000000000000e+00 1.000000000000000e+00 0.000000000000000e+00
cras   = 0.000000000000000e+00 0.000000000000000e+00 0.000000000000000e+00
subject fsaverage
fscale 0.100000
