# transform file /scratch/tmp/fs_mp2rage_tests/sourcedata/freesurfer_mp2rage/sub-fsm99tc/mri/transforms/cc_up.lta
# created by bpinsard on Sun Nov 24 10:45:47 2024

type      = 0 # LINEAR_VOX_TO_VOX
nxforms   = 1
mean      = 130.0000 110.0000 103.0000
sigma     = 10000.0000
1 4 4
9.987637400627136e-01 4.679095000028610e-02 -1.678115874528885e-02 -3.799248695373535e+00 
-4.678434878587723e-02 9.989047050476074e-01 7.860674522817135e-04 4.107180023193359e+01 
1.679955981671810e-02 -1.164153218269348e-10 9.998589158058167e-01 4.284457015991211e+01 
0.000000000000000e+00 0.000000000000000e+00 0.000000000000000e+00 1.000000000000000e+00 
src volume info
valid = 1  # volume info valid
filename = /scratch/tmp/fs_mp2rage_tests/sourcedata/freesurfer_mp2rage/sub-fsm99tc/mri/norm.mgz
volume = 256 256 256
voxelsize = 1.000000000000000e+00 1.000000000000000e+00 1.000000000000000e+00
xras   = -1.000000119209290e+00 2.328306436538696e-10 0.000000000000000e+00
yras   = 9.313225746154785e-10 0.000000000000000e+00 -1.000000119209290e+00
zras   = -6.984919309616089e-10 1.000000000000000e+00 0.000000000000000e+00
cras   = 6.277465820312500e-01 4.188120269775391e+01 -4.750270080566406e+01
dst volume info
valid = 1  # volume info valid
filename = /scratch/tmp/fs_mp2rage_tests/sourcedata/freesurfer_mp2rage/sub-fsm99tc/mri/norm.mgz
volume = 256 256 256
voxelsize = 1.000000000000000e+00 1.000000000000000e+00 1.000000000000000e+00
xras   = -1.000000119209290e+00 2.328306436538696e-10 0.000000000000000e+00
yras   = 9.313225746154785e-10 0.000000000000000e+00 -1.000000119209290e+00
zras   = -6.984919309616089e-10 1.000000000000000e+00 0.000000000000000e+00
cras   = 6.277465820312500e-01 4.188120269775391e+01 -4.750270080566406e+01
