# transform file transforms/talairach.lta
# created by bpinsard on Sat Nov 23 18:13:58 2024

type      = 0 # LINEAR_VOX_TO_VOX
nxforms   = 1
mean      = 129.0000 109.0000 102.0000
sigma     = 10000.0000
1 4 4
1.080237984657288e+00 4.420806095004082e-02 -9.909880347549915e-03 -1.740309906005859e+01 
-3.642317280173302e-02 1.137152671813965e+00 3.624350726604462e-01 -3.041351318359375e+01 
2.493903413414955e-02 -2.930706739425659e-01 8.457769155502319e-01 5.144007492065430e+01 
0.000000000000000e+00 0.000000000000000e+00 0.000000000000000e+00 1.000000000000000e+00 
src volume info
valid = 1  # volume info valid
filename = nu.mgz
volume = 256 256 256
voxelsize = 1.000000000000000e+00 1.000000000000000e+00 1.000000000000000e+00
xras   = -1.000000119209290e+00 2.328306436538696e-10 0.000000000000000e+00
yras   = 9.313225746154785e-10 0.000000000000000e+00 -1.000000119209290e+00
zras   = -6.984919309616089e-10 1.000000000000000e+00 0.000000000000000e+00
cras   = 6.277465820312500e-01 4.188120269775391e+01 -4.750270080566406e+01
dst volume info
valid = 1  # volume info valid
filename = /opt/freesurfer/average/RB_all_2020-01-02.gca
volume = 256 256 256
voxelsize = 1.000000000000000e+00 1.000000000000000e+00 1.000000000000000e+00
xras   = -1.000000000000000e+00 0.000000000000000e+00 0.000000000000000e+00
yras   = 0.000000000000000e+00 0.000000000000000e+00 -1.000000000000000e+00
zras   = 0.000000000000000e+00 1.000000000000000e+00 0.000000000000000e+00
cras   = 0.000000000000000e+00 0.000000000000000e+00 0.000000000000000e+00
