type      = 1 # LINEAR_RAS_TO_RAS
nxforms   = 1
mean      = 0.0000 0.0000 0.0000
sigma     = 1.0000
1 4 4
1.062824010848999e+00 2.639600075781345e-02 1.447100006043911e-02 9.276279807090759e-01 
-5.462000146508217e-03 9.062579870223999e-01 2.744840085506439e-01 -2.562702941894531e+01 
-2.216899953782558e-02 -3.348149955272675e-01 1.055860996246338e+00 3.756894683837891e+01 
0.000000000000000e+00 0.000000000000000e+00 0.000000000000000e+00 1.000000000000000e+00 
src volume info
valid = 1  # volume info valid
filename = /scratch/tmp/fs_mp2rage_tests/sourcedata/freesurfer_mp2rage/sub-fsm99tc/mri/orig_nu.mgz
volume = 256 256 256
voxelsize = 1.000000000000000e+00 1.000000000000000e+00 1.000000000000000e+00
xras   = -1.000000119209290e+00 2.328306436538696e-10 0.000000000000000e+00
yras   = 9.313225746154785e-10 0.000000000000000e+00 -1.000000119209290e+00
zras   = -6.984919309616089e-10 1.000000000000000e+00 0.000000000000000e+00
cras   = 6.277465820312500e-01 4.188120269775391e+01 -4.750270080566406e+01
dst volume info
valid = 1  # volume info valid
filename = /opt/freesurfer/average/mni305.cor.mgz
volume = 256 256 256
voxelsize = 1.000000000000000e+00 1.000000000000000e+00 1.000000000000000e+00
xras   = -1.000000000000000e+00 0.000000000000000e+00 0.000000000000000e+00
yras   = 0.000000000000000e+00 0.000000000000000e+00 -1.000000000000000e+00
zras   = 0.000000000000000e+00 1.000000000000000e+00 0.000000000000000e+00
cras   = 0.000000000000000e+00 0.000000000000000e+00 0.000000000000000e+00
subject fsaverage
fscale 0.100000
