# transform file /scratch/tmp/fs_mp2rage_tests/sourcedata/freesurfer_mp2rage/sub-fsm14pu/mri/transforms/cc_up.lta
# created by bpinsard on Sat Nov 23 21:02:27 2024

type      = 0 # LINEAR_VOX_TO_VOX
nxforms   = 1
mean      = 132.0000 99.0000 112.0000
sigma     = 10000.0000
1 4 4
9.969971776008606e-01 -3.074946440756321e-02 7.107196003198624e-02 -7.090035915374756e+00 
3.067163191735744e-02 9.995272159576416e-01 2.186458557844162e-03 4.380624008178711e+01 
-7.110558450222015e-02 0.000000000000000e+00 9.974688291549683e-01 4.156642150878906e+01 
0.000000000000000e+00 0.000000000000000e+00 0.000000000000000e+00 1.000000000000000e+00 
src volume info
valid = 1  # volume info valid
filename = /scratch/tmp/fs_mp2rage_tests/sourcedata/freesurfer_mp2rage/sub-fsm14pu/mri/norm.mgz
volume = 256 256 256
voxelsize = 1.000000000000000e+00 1.000000000000000e+00 1.000000000000000e+00
xras   = -1.000000119209290e+00 6.984919309616089e-09 1.862645149230957e-09
yras   = 0.000000000000000e+00 0.000000000000000e+00 -1.000000119209290e+00
zras   = 9.313225746154785e-10 1.000000119209290e+00 0.000000000000000e+00
cras   = -3.543785095214844e+00 2.088492584228516e+01 -2.524938964843750e+01
dst volume info
valid = 1  # volume info valid
filename = /scratch/tmp/fs_mp2rage_tests/sourcedata/freesurfer_mp2rage/sub-fsm14pu/mri/norm.mgz
volume = 256 256 256
voxelsize = 1.000000000000000e+00 1.000000000000000e+00 1.000000000000000e+00
xras   = -1.000000119209290e+00 6.984919309616089e-09 1.862645149230957e-09
yras   = 0.000000000000000e+00 0.000000000000000e+00 -1.000000119209290e+00
zras   = 9.313225746154785e-10 1.000000119209290e+00 0.000000000000000e+00
cras   = -3.543785095214844e+00 2.088492584228516e+01 -2.524938964843750e+01
