# transform file transforms/talairach.lta
# created by bpinsard on Sat Nov 23 17:55:36 2024

type      = 0 # LINEAR_VOX_TO_VOX
nxforms   = 1
mean      = 134.0000 102.0000 111.0000
sigma     = 10000.0000
1 4 4
1.064441442489624e+00 1.166780386120081e-02 8.515314757823944e-02 -2.257439804077148e+01 
-4.044660180807114e-02 1.046487450599670e+00 3.563965260982513e-01 -1.012903785705566e+01 
-6.984288990497589e-02 -3.608220815658569e-01 8.527373671531677e-01 5.937953567504883e+01 
0.000000000000000e+00 0.000000000000000e+00 0.000000000000000e+00 1.000000000000000e+00 
src volume info
valid = 1  # volume info valid
filename = nu.mgz
volume = 256 256 256
voxelsize = 1.000000000000000e+00 1.000000000000000e+00 1.000000000000000e+00
xras   = -1.000000119209290e+00 6.984919309616089e-09 1.862645149230957e-09
yras   = 0.000000000000000e+00 0.000000000000000e+00 -1.000000119209290e+00
zras   = 9.313225746154785e-10 1.000000119209290e+00 0.000000000000000e+00
cras   = -3.543785095214844e+00 2.088492584228516e+01 -2.524938964843750e+01
dst volume info
valid = 1  # volume info valid
filename = /opt/freesurfer/average/RB_all_2020-01-02.gca
volume = 256 256 256
voxelsize = 1.000000000000000e+00 1.000000000000000e+00 1.000000000000000e+00
xras   = -1.000000000000000e+00 0.000000000000000e+00 0.000000000000000e+00
yras   = 0.000000000000000e+00 0.000000000000000e+00 -1.000000000000000e+00
zras   = 0.000000000000000e+00 1.000000000000000e+00 0.000000000000000e+00
cras   = 0.000000000000000e+00 0.000000000000000e+00 0.000000000000000e+00
