type      = 0 # LINEAR_VOX_TO_VOX
nxforms   = 1
mean      = 0.0000 0.0000 0.0000
sigma     = 1.0000
1 4 4
1.084662914276123e+00 -7.058198750019073e-02 5.305699631571770e-02 -9.738998413085938e+00 
5.819994839839637e-04 1.015340924263000e+00 3.509500026702881e-01 -1.815913391113281e+01 
-1.131149902939796e-01 -2.920489609241486e-01 9.850349426269531e-01 5.665133666992188e+01 
0.000000000000000e+00 0.000000000000000e+00 0.000000000000000e+00 1.000000000000000e+00 
src volume info
valid = 1  # volume info valid
filename = /scratch/tmp/fs_mp2rage_tests2/sourcedata/freesurfer_memprage/sub-fsm93cs/mri/orig.mgz
volume = 256 256 256
voxelsize = 1.000000000000000e+00 1.000000000000000e+00 1.000000000000000e+00
xras   = -9.999999403953552e-01 -1.396983861923218e-09 0.000000000000000e+00
yras   = -3.725290298461914e-09 0.000000000000000e+00 -9.999999403953552e-01
zras   = 4.656612873077393e-10 9.999999403953552e-01 -1.490116119384766e-08
cras   = -2.086563110351562e-01 4.514535522460938e+01 -1.603092956542969e+01
dst volume info
valid = 1  # volume info valid
filename = /opt/freesurfer/average/mni305.cor.mgz
volume = 256 256 256
voxelsize = 1.000000000000000e+00 1.000000000000000e+00 1.000000000000000e+00
xras   = -1.000000000000000e+00 0.000000000000000e+00 0.000000000000000e+00
yras   = 0.000000000000000e+00 0.000000000000000e+00 -1.000000000000000e+00
zras   = 0.000000000000000e+00 1.000000000000000e+00 0.000000000000000e+00
cras   = 0.000000000000000e+00 0.000000000000000e+00 0.000000000000000e+00
subject fsaverage
fscale 0.100000
