# transform file transforms/talairach.lta
# created by bpinsard on Sun Nov 24 08:51:12 2024

type      = 0 # LINEAR_VOX_TO_VOX
nxforms   = 1
mean      = 130.0000 109.0000 102.0000
sigma     = 10000.0000
1 4 4
1.087689638137817e+00 -1.044036895036697e-01 8.906169980764389e-02 -1.293989562988281e+01 
7.147224247455597e-02 1.020298361778259e+00 3.475647568702698e-01 -2.841275215148926e+01 
-1.040635630488396e-01 -3.209600448608398e-01 9.404357671737671e-01 6.309965133666992e+01 
0.000000000000000e+00 0.000000000000000e+00 0.000000000000000e+00 1.000000000000000e+00 
src volume info
valid = 1  # volume info valid
filename = nu.mgz
volume = 256 256 256
voxelsize = 1.000000000000000e+00 1.000000000000000e+00 1.000000000000000e+00
xras   = -9.999999403953552e-01 -1.396983861923218e-09 0.000000000000000e+00
yras   = -3.725290298461914e-09 0.000000000000000e+00 -9.999999403953552e-01
zras   = 4.656612873077393e-10 9.999999403953552e-01 -1.490116119384766e-08
cras   = -2.086563110351562e-01 4.514535522460938e+01 -1.603092956542969e+01
dst volume info
valid = 1  # volume info valid
filename = /opt/freesurfer/average/RB_all_2020-01-02.gca
volume = 256 256 256
voxelsize = 1.000000000000000e+00 1.000000000000000e+00 1.000000000000000e+00
xras   = -1.000000000000000e+00 0.000000000000000e+00 0.000000000000000e+00
yras   = 0.000000000000000e+00 0.000000000000000e+00 -1.000000000000000e+00
zras   = 0.000000000000000e+00 1.000000000000000e+00 0.000000000000000e+00
cras   = 0.000000000000000e+00 0.000000000000000e+00 0.000000000000000e+00
