type      = 1 # LINEAR_RAS_TO_RAS
nxforms   = 1
mean      = 0.0000 0.0000 0.0000
sigma     = 1.0000
1 4 4
1.084663033485413e+00 -5.305700004100800e-02 -7.058200240135193e-02 2.635452032089233e+00 
1.131149977445602e-01 9.850350022315979e-01 2.920489907264709e-01 -3.688951110839844e+01 
5.820000078529119e-04 -3.509500026702881e-01 1.015341043472290e+00 3.320144891738892e+00 
0.000000000000000e+00 0.000000000000000e+00 0.000000000000000e+00 1.000000000000000e+00 
src volume info
valid = 1  # volume info valid
filename = /scratch/tmp/fs_mp2rage_tests2/sourcedata/freesurfer_memprage/sub-fsm93cs/mri/orig_nu.mgz
volume = 256 256 256
voxelsize = 1.000000000000000e+00 1.000000000000000e+00 1.000000000000000e+00
xras   = -9.999999403953552e-01 -1.396983861923218e-09 0.000000000000000e+00
yras   = -3.725290298461914e-09 0.000000000000000e+00 -9.999999403953552e-01
zras   = 4.656612873077393e-10 9.999999403953552e-01 -1.490116119384766e-08
cras   = -2.086563110351562e-01 4.514535522460938e+01 -1.603092956542969e+01
dst volume info
valid = 1  # volume info valid
filename = /opt/freesurfer/average/mni305.cor.mgz
volume = 256 256 256
voxelsize = 1.000000000000000e+00 1.000000000000000e+00 1.000000000000000e+00
xras   = -1.000000000000000e+00 0.000000000000000e+00 0.000000000000000e+00
yras   = 0.000000000000000e+00 0.000000000000000e+00 -1.000000000000000e+00
zras   = 0.000000000000000e+00 1.000000000000000e+00 0.000000000000000e+00
cras   = 0.000000000000000e+00 0.000000000000000e+00 0.000000000000000e+00
subject fsaverage
fscale 0.100000
