# transform file /scratch/tmp/fs_mp2rage_tests/sourcedata/freesurfer_mp2rage/sub-fsm85fp/mri/transforms/cc_up.lta
# created by bpinsard on Sun Nov 24 07:20:03 2024

type      = 0 # LINEAR_VOX_TO_VOX
nxforms   = 1
mean      = 129.0000 96.0000 121.0000
sigma     = 10000.0000
1 4 4
9.992448091506958e-01 -3.016243129968643e-02 2.449516765773296e-02 2.312623709440231e-01 
3.015337325632572e-02 9.995449781417847e-01 7.391701801680028e-04 4.710937881469727e+01 
-2.450631931424141e-02 -5.820766091346741e-11 9.996997117996216e-01 2.515861129760742e+01 
0.000000000000000e+00 0.000000000000000e+00 0.000000000000000e+00 1.000000000000000e+00 
src volume info
valid = 1  # volume info valid
filename = /scratch/tmp/fs_mp2rage_tests/sourcedata/freesurfer_mp2rage/sub-fsm85fp/mri/norm.mgz
volume = 256 256 256
voxelsize = 1.000000000000000e+00 1.000000000000000e+00 1.000000000000000e+00
xras   = -1.000000000000000e+00 0.000000000000000e+00 0.000000000000000e+00
yras   = 0.000000000000000e+00 3.725290298461914e-09 -9.999999403953552e-01
zras   = -2.910383045673370e-11 1.000000000000000e+00 -3.725290298461914e-09
cras   = 2.958633422851562e+00 2.096183013916016e+01 -2.416897583007812e+01
dst volume info
valid = 1  # volume info valid
filename = /scratch/tmp/fs_mp2rage_tests/sourcedata/freesurfer_mp2rage/sub-fsm85fp/mri/norm.mgz
volume = 256 256 256
voxelsize = 1.000000000000000e+00 1.000000000000000e+00 1.000000000000000e+00
xras   = -1.000000000000000e+00 0.000000000000000e+00 0.000000000000000e+00
yras   = 0.000000000000000e+00 3.725290298461914e-09 -9.999999403953552e-01
zras   = -2.910383045673370e-11 1.000000000000000e+00 -3.725290298461914e-09
cras   = 2.958633422851562e+00 2.096183013916016e+01 -2.416897583007812e+01
