# transform file transforms/talairach.lta
# created by bpinsard on Sat Nov 23 18:10:14 2024

type      = 0 # LINEAR_VOX_TO_VOX
nxforms   = 1
mean      = 128.0000 96.0000 121.0000
sigma     = 10000.0000
1 4 4
1.099469304084778e+00 -1.953128539025784e-02 1.381321065127850e-02 -1.313088226318359e+01 
1.809737272560596e-02 1.090109705924988e+00 1.275633722543716e-01 1.013856768608093e+00 
-1.805747300386429e-02 -1.101898103952408e-01 9.742363095283508e-01 8.163336753845215e+00 
0.000000000000000e+00 0.000000000000000e+00 0.000000000000000e+00 1.000000000000000e+00 
src volume info
valid = 1  # volume info valid
filename = nu.mgz
volume = 256 256 256
voxelsize = 1.000000000000000e+00 1.000000000000000e+00 1.000000000000000e+00
xras   = -1.000000000000000e+00 0.000000000000000e+00 0.000000000000000e+00
yras   = 0.000000000000000e+00 3.725290298461914e-09 -9.999999403953552e-01
zras   = -2.910383045673370e-11 1.000000000000000e+00 -3.725290298461914e-09
cras   = 2.958633422851562e+00 2.096183013916016e+01 -2.416897583007812e+01
dst volume info
valid = 1  # volume info valid
filename = /opt/freesurfer/average/RB_all_2020-01-02.gca
volume = 256 256 256
voxelsize = 1.000000000000000e+00 1.000000000000000e+00 1.000000000000000e+00
xras   = -1.000000000000000e+00 0.000000000000000e+00 0.000000000000000e+00
yras   = 0.000000000000000e+00 0.000000000000000e+00 -1.000000000000000e+00
zras   = 0.000000000000000e+00 1.000000000000000e+00 0.000000000000000e+00
cras   = 0.000000000000000e+00 0.000000000000000e+00 0.000000000000000e+00
