# transform file /scratch/tmp/fs_mp2rage_tests2/sourcedata/freesurfer_memprage/sub-fsm70qy/mri/transforms/cc_up.lta
# created by bpinsard on Sun Nov 24 22:25:44 2024

type      = 0 # LINEAR_VOX_TO_VOX
nxforms   = 1
mean      = 128.0000 97.0000 121.0000
sigma     = 10000.0000
1 4 4
9.937404990196228e-01 -5.136168003082275e-02 9.920583665370941e-02 -5.690776348114014e+00 
5.110763758420944e-02 9.986800551414490e-01 5.102112889289856e-03 4.302125549316406e+01 
-9.933694452047348e-02 -4.656612873077393e-10 9.950538873672485e-01 1.915812492370605e+01 
0.000000000000000e+00 0.000000000000000e+00 0.000000000000000e+00 1.000000000000000e+00 
src volume info
valid = 1  # volume info valid
filename = /scratch/tmp/fs_mp2rage_tests2/sourcedata/freesurfer_memprage/sub-fsm70qy/mri/norm.mgz
volume = 256 256 256
voxelsize = 1.000000000000000e+00 1.000000000000000e+00 1.000000000000000e+00
xras   = -9.999998211860657e-01 -4.656612873077393e-10 0.000000000000000e+00
yras   = 0.000000000000000e+00 -7.450580596923828e-09 -9.999999403953552e-01
zras   = -4.656612873077393e-10 9.999998807907104e-01 -7.450580596923828e-09
cras   = 1.311325836181641e+01 1.311402893066406e+01 -2.759604644775391e+01
dst volume info
valid = 1  # volume info valid
filename = /scratch/tmp/fs_mp2rage_tests2/sourcedata/freesurfer_memprage/sub-fsm70qy/mri/norm.mgz
volume = 256 256 256
voxelsize = 1.000000000000000e+00 1.000000000000000e+00 1.000000000000000e+00
xras   = -9.999998211860657e-01 -4.656612873077393e-10 0.000000000000000e+00
yras   = 0.000000000000000e+00 -7.450580596923828e-09 -9.999999403953552e-01
zras   = -4.656612873077393e-10 9.999998807907104e-01 -7.450580596923828e-09
cras   = 1.311325836181641e+01 1.311402893066406e+01 -2.759604644775391e+01
