type      = 1 # LINEAR_RAS_TO_RAS
nxforms   = 1
mean      = 0.0000 0.0000 0.0000
sigma     = 1.0000
1 4 4
1.076938033103943e+00 -1.070910021662712e-01 -7.469400018453598e-02 -1.346330261230469e+01 
1.085570007562637e-01 1.084918975830078e+00 8.949500322341919e-02 -2.807531738281250e+01 
5.307500064373016e-02 -2.178700082004070e-02 1.179489970207214e+00 8.849179744720459e-01 
0.000000000000000e+00 0.000000000000000e+00 0.000000000000000e+00 1.000000000000000e+00 
src volume info
valid = 1  # volume info valid
filename = /scratch/tmp/fs_mp2rage_tests2/sourcedata/freesurfer_memprage/sub-fsm70qy/mri/orig_nu.mgz
volume = 256 256 256
voxelsize = 1.000000000000000e+00 1.000000000000000e+00 1.000000000000000e+00
xras   = -9.999998211860657e-01 -4.656612873077393e-10 0.000000000000000e+00
yras   = 0.000000000000000e+00 -7.450580596923828e-09 -9.999999403953552e-01
zras   = -4.656612873077393e-10 9.999998807907104e-01 -7.450580596923828e-09
cras   = 1.311325836181641e+01 1.311402893066406e+01 -2.759604644775391e+01
dst volume info
valid = 1  # volume info valid
filename = /opt/freesurfer/average/mni305.cor.mgz
volume = 256 256 256
voxelsize = 1.000000000000000e+00 1.000000000000000e+00 1.000000000000000e+00
xras   = -1.000000000000000e+00 0.000000000000000e+00 0.000000000000000e+00
yras   = 0.000000000000000e+00 0.000000000000000e+00 -1.000000000000000e+00
zras   = 0.000000000000000e+00 1.000000000000000e+00 0.000000000000000e+00
cras   = 0.000000000000000e+00 0.000000000000000e+00 0.000000000000000e+00
subject fsaverage
fscale 0.100000
