# transform file transforms/talairach.lta
# created by bpinsard on Sun Nov 24 08:41:14 2024

type      = 0 # LINEAR_VOX_TO_VOX
nxforms   = 1
mean      = 129.0000 97.0000 122.0000
sigma     = 10000.0000
1 4 4
1.064998030662537e+00 -9.345637261867523e-02 1.053223162889481e-01 -1.398614788055420e+01 
9.261297434568405e-02 1.206925988197327e+00 -2.051453664898872e-02 -2.123630762100220e+00 
-1.050990670919418e-01 3.249861299991608e-02 1.088413238525391e+00 -1.099783802032471e+01 
0.000000000000000e+00 0.000000000000000e+00 0.000000000000000e+00 1.000000000000000e+00 
src volume info
valid = 1  # volume info valid
filename = nu.mgz
volume = 256 256 256
voxelsize = 1.000000000000000e+00 1.000000000000000e+00 1.000000000000000e+00
xras   = -9.999998211860657e-01 -4.656612873077393e-10 0.000000000000000e+00
yras   = 0.000000000000000e+00 -7.450580596923828e-09 -9.999999403953552e-01
zras   = -4.656612873077393e-10 9.999998807907104e-01 -7.450580596923828e-09
cras   = 1.311325836181641e+01 1.311402893066406e+01 -2.759604644775391e+01
dst volume info
valid = 1  # volume info valid
filename = /opt/freesurfer/average/RB_all_2020-01-02.gca
volume = 256 256 256
voxelsize = 1.000000000000000e+00 1.000000000000000e+00 1.000000000000000e+00
xras   = -1.000000000000000e+00 0.000000000000000e+00 0.000000000000000e+00
yras   = 0.000000000000000e+00 0.000000000000000e+00 -1.000000000000000e+00
zras   = 0.000000000000000e+00 1.000000000000000e+00 0.000000000000000e+00
cras   = 0.000000000000000e+00 0.000000000000000e+00 0.000000000000000e+00
