# transform file /scratch/tmp/fs_mp2rage_tests/sourcedata/freesurfer_mp2rage/sub-fsm42wk/mri/transforms/cc_up.lta
# created by bpinsard on Sun Nov 24 03:20:52 2024

type      = 0 # LINEAR_VOX_TO_VOX
nxforms   = 1
mean      = 130.0000 111.0000 102.0000
sigma     = 10000.0000
1 4 4
9.997873306274414e-01 1.883761398494244e-02 -8.392727002501488e-03 -3.190852642059326e+00 
-1.883694902062416e-02 9.998225569725037e-01 1.581269898451865e-04 2.745348358154297e+01 
8.394216187298298e-03 1.455191522836685e-11 9.999647736549377e-01 4.091177749633789e+01 
0.000000000000000e+00 0.000000000000000e+00 0.000000000000000e+00 1.000000000000000e+00 
src volume info
valid = 1  # volume info valid
filename = /scratch/tmp/fs_mp2rage_tests/sourcedata/freesurfer_mp2rage/sub-fsm42wk/mri/norm.mgz
volume = 256 256 256
voxelsize = 1.000000000000000e+00 1.000000000000000e+00 1.000000000000000e+00
xras   = -9.999999403953552e-01 2.328306436538696e-10 0.000000000000000e+00
yras   = 0.000000000000000e+00 -7.450580596923828e-09 -1.000000000000000e+00
zras   = -2.328306436538696e-10 1.000000000000000e+00 0.000000000000000e+00
cras   = 4.579017639160156e+00 3.797496032714844e+01 -3.577297973632812e+01
dst volume info
valid = 1  # volume info valid
filename = /scratch/tmp/fs_mp2rage_tests/sourcedata/freesurfer_mp2rage/sub-fsm42wk/mri/norm.mgz
volume = 256 256 256
voxelsize = 1.000000000000000e+00 1.000000000000000e+00 1.000000000000000e+00
xras   = -9.999999403953552e-01 2.328306436538696e-10 0.000000000000000e+00
yras   = 0.000000000000000e+00 -7.450580596923828e-09 -1.000000000000000e+00
zras   = -2.328306436538696e-10 1.000000000000000e+00 0.000000000000000e+00
cras   = 4.579017639160156e+00 3.797496032714844e+01 -3.577297973632812e+01
