type      = 1 # LINEAR_RAS_TO_RAS
nxforms   = 1
mean      = 0.0000 0.0000 0.0000
sigma     = 1.0000
1 4 4
1.016564965248108e+00 -9.322999976575375e-03 5.489999894052744e-03 -1.979766964912415e+00 
2.175999991595745e-02 1.106562972068787e+00 3.412429988384247e-01 -2.550564575195312e+01 
-3.087400086224079e-02 -3.314250111579895e-01 1.106186985969543e+00 2.448439025878906e+01 
0.000000000000000e+00 0.000000000000000e+00 0.000000000000000e+00 1.000000000000000e+00 
src volume info
valid = 1  # volume info valid
filename = /scratch/tmp/fs_mp2rage_tests/sourcedata/freesurfer_mp2rage/sub-fsm42wk/mri/orig_nu.mgz
volume = 256 256 256
voxelsize = 1.000000000000000e+00 1.000000000000000e+00 1.000000000000000e+00
xras   = -9.999999403953552e-01 2.328306436538696e-10 0.000000000000000e+00
yras   = 0.000000000000000e+00 -7.450580596923828e-09 -1.000000000000000e+00
zras   = -2.328306436538696e-10 1.000000000000000e+00 0.000000000000000e+00
cras   = 4.579017639160156e+00 3.797496032714844e+01 -3.577297973632812e+01
dst volume info
valid = 1  # volume info valid
filename = /opt/freesurfer/average/mni305.cor.mgz
volume = 256 256 256
voxelsize = 1.000000000000000e+00 1.000000000000000e+00 1.000000000000000e+00
xras   = -1.000000000000000e+00 0.000000000000000e+00 0.000000000000000e+00
yras   = 0.000000000000000e+00 0.000000000000000e+00 -1.000000000000000e+00
zras   = 0.000000000000000e+00 1.000000000000000e+00 0.000000000000000e+00
cras   = 0.000000000000000e+00 0.000000000000000e+00 0.000000000000000e+00
subject fsaverage
fscale 0.100000
