# transform file /scratch/tmp/fs_mp2rage_tests/sourcedata/freesurfer_mp2rage/sub-fsm50ww/mri/transforms/cc_up.lta
# created by bpinsard on Sun Nov 24 03:16:31 2024

type      = 0 # LINEAR_VOX_TO_VOX
nxforms   = 1
mean      = 131.0000 102.0000 104.0000
sigma     = 10000.0000
1 4 4
9.895013570785522e-01 1.302342712879181e-01 -6.265770643949509e-02 -8.177137374877930e+00 
-1.299739480018616e-01 9.914832115173340e-01 8.230276405811310e-03 6.204296112060547e+01 
6.319592893123627e-02 -9.313224635931761e-10 9.980010986328125e-01 1.985679435729980e+01 
0.000000000000000e+00 0.000000000000000e+00 0.000000000000000e+00 1.000000000000000e+00 
src volume info
valid = 1  # volume info valid
filename = /scratch/tmp/fs_mp2rage_tests/sourcedata/freesurfer_mp2rage/sub-fsm50ww/mri/norm.mgz
volume = 256 256 256
voxelsize = 1.000000000000000e+00 1.000000000000000e+00 1.000000000000000e+00
xras   = -9.999998807907104e-01 -6.402842700481415e-10 -7.450580596923828e-09
yras   = -7.450580596923828e-09 4.656612873077393e-10 -9.999999403953552e-01
zras   = 5.820766091346741e-10 9.999999403953552e-01 4.656612873077393e-10
cras   = -1.136016845703125e-02 4.700937652587891e+01 -2.718983459472656e+01
dst volume info
valid = 1  # volume info valid
filename = /scratch/tmp/fs_mp2rage_tests/sourcedata/freesurfer_mp2rage/sub-fsm50ww/mri/norm.mgz
volume = 256 256 256
voxelsize = 1.000000000000000e+00 1.000000000000000e+00 1.000000000000000e+00
xras   = -9.999998807907104e-01 -6.402842700481415e-10 -7.450580596923828e-09
yras   = -7.450580596923828e-09 4.656612873077393e-10 -9.999999403953552e-01
zras   = 5.820766091346741e-10 9.999999403953552e-01 4.656612873077393e-10
cras   = -1.136016845703125e-02 4.700937652587891e+01 -2.718983459472656e+01
