# transform file transforms/talairach.lta
# created by bpinsard on Sat Nov 23 18:03:55 2024

type      = 0 # LINEAR_VOX_TO_VOX
nxforms   = 1
mean      = 130.0000 102.0000 105.0000
sigma     = 10000.0000
1 4 4
1.027898311614990e+00 1.242272555828094e-01 -5.421218276023865e-02 -1.434315013885498e+01 
-9.508220851421356e-02 1.124278783798218e+00 1.820389777421951e-01 4.086689949035645e+00 
8.254671841859818e-02 -1.216470599174500e-01 1.028844118118286e+00 5.521087169647217e+00 
0.000000000000000e+00 0.000000000000000e+00 0.000000000000000e+00 1.000000000000000e+00 
src volume info
valid = 1  # volume info valid
filename = nu.mgz
volume = 256 256 256
voxelsize = 1.000000000000000e+00 1.000000000000000e+00 1.000000000000000e+00
xras   = -9.999998807907104e-01 -6.402842700481415e-10 -7.450580596923828e-09
yras   = -7.450580596923828e-09 4.656612873077393e-10 -9.999999403953552e-01
zras   = 5.820766091346741e-10 9.999999403953552e-01 4.656612873077393e-10
cras   = -1.136016845703125e-02 4.700937652587891e+01 -2.718983459472656e+01
dst volume info
valid = 1  # volume info valid
filename = /opt/freesurfer/average/RB_all_2020-01-02.gca
volume = 256 256 256
voxelsize = 1.000000000000000e+00 1.000000000000000e+00 1.000000000000000e+00
xras   = -1.000000000000000e+00 0.000000000000000e+00 0.000000000000000e+00
yras   = 0.000000000000000e+00 0.000000000000000e+00 -1.000000000000000e+00
zras   = 0.000000000000000e+00 1.000000000000000e+00 0.000000000000000e+00
cras   = 0.000000000000000e+00 0.000000000000000e+00 0.000000000000000e+00
