type      = 1 # LINEAR_RAS_TO_RAS
nxforms   = 1
mean      = 0.0000 0.0000 0.0000
sigma     = 1.0000
1 4 4
1.036470055580139e+00 5.592700093984604e-02 1.259229928255081e-01 1.347442984580994e+00 
-5.663599818944931e-02 1.075852990150452e+00 1.887450069189072e-01 -4.290282440185547e+01 
-1.328089982271194e-01 -1.930979937314987e-01 1.107524037361145e+00 6.223807811737061e+00 
0.000000000000000e+00 0.000000000000000e+00 0.000000000000000e+00 1.000000000000000e+00 
src volume info
valid = 1  # volume info valid
filename = /scratch/tmp/fs_mp2rage_tests/sourcedata/freesurfer_mp2rage/sub-fsm50ww/mri/orig_nu.mgz
volume = 256 256 256
voxelsize = 1.000000000000000e+00 1.000000000000000e+00 1.000000000000000e+00
xras   = -9.999998807907104e-01 -6.402842700481415e-10 -7.450580596923828e-09
yras   = -7.450580596923828e-09 4.656612873077393e-10 -9.999999403953552e-01
zras   = 5.820766091346741e-10 9.999999403953552e-01 4.656612873077393e-10
cras   = -1.136016845703125e-02 4.700937652587891e+01 -2.718983459472656e+01
dst volume info
valid = 1  # volume info valid
filename = /opt/freesurfer/average/mni305.cor.mgz
volume = 256 256 256
voxelsize = 1.000000000000000e+00 1.000000000000000e+00 1.000000000000000e+00
xras   = -1.000000000000000e+00 0.000000000000000e+00 0.000000000000000e+00
yras   = 0.000000000000000e+00 0.000000000000000e+00 -1.000000000000000e+00
zras   = 0.000000000000000e+00 1.000000000000000e+00 0.000000000000000e+00
cras   = 0.000000000000000e+00 0.000000000000000e+00 0.000000000000000e+00
subject fsaverage
fscale 0.100000
