# transform file transforms/talairach.lta
# created by bpinsard on Sat Nov 23 17:57:14 2024

type      = 0 # LINEAR_VOX_TO_VOX
nxforms   = 1
mean      = 128.0000 97.0000 110.0000
sigma     = 10000.0000
1 4 4
1.164204001426697e+00 -3.111172839999199e-02 1.730108074843884e-02 -2.208421897888184e+01 
2.868031524121761e-02 1.231469869613647e+00 5.673866719007492e-02 -4.340476989746094e+00 
-1.928131841123104e-02 -6.100784242153168e-02 1.155202865600586e+00 -7.988296031951904e+00 
0.000000000000000e+00 0.000000000000000e+00 0.000000000000000e+00 1.000000000000000e+00 
src volume info
valid = 1  # volume info valid
filename = nu.mgz
volume = 256 256 256
voxelsize = 1.000000000000000e+00 1.000000000000000e+00 1.000000000000000e+00
xras   = -9.999999403953552e-01 6.984919309616089e-10 -4.656612873077393e-10
yras   = 0.000000000000000e+00 -1.490116119384766e-08 -1.000000000000000e+00
zras   = 5.820766091346741e-11 1.000000000000000e+00 1.490116119384766e-08
cras   = 3.831344604492188e+00 1.094679260253906e+01 -9.604904174804688e+00
dst volume info
valid = 1  # volume info valid
filename = /opt/freesurfer/average/RB_all_2020-01-02.gca
volume = 256 256 256
voxelsize = 1.000000000000000e+00 1.000000000000000e+00 1.000000000000000e+00
xras   = -1.000000000000000e+00 0.000000000000000e+00 0.000000000000000e+00
yras   = 0.000000000000000e+00 0.000000000000000e+00 -1.000000000000000e+00
zras   = 0.000000000000000e+00 1.000000000000000e+00 0.000000000000000e+00
cras   = 0.000000000000000e+00 0.000000000000000e+00 0.000000000000000e+00
