type      = 1 # LINEAR_RAS_TO_RAS
nxforms   = 1
mean      = 0.0000 0.0000 0.0000
sigma     = 1.0000
1 4 4
1.195531964302063e+00 -2.570000069681555e-04 2.420000033453107e-03 -4.555191040039062e+00 
-6.953999865800142e-03 1.264750003814697e+00 4.779199883341789e-02 -1.026254272460938e+01 
1.943299919366837e-02 -4.407199844717979e-02 1.279224991798401e+00 -2.404159545898438e+01 
0.000000000000000e+00 0.000000000000000e+00 0.000000000000000e+00 1.000000000000000e+00 
src volume info
valid = 1  # volume info valid
filename = /scratch/tmp/fs_mp2rage_tests/sourcedata/freesurfer_mp2rage/sub-fsm23qf/mri/orig_nu.mgz
volume = 256 256 256
voxelsize = 1.000000000000000e+00 1.000000000000000e+00 1.000000000000000e+00
xras   = -9.999999403953552e-01 6.984919309616089e-10 -4.656612873077393e-10
yras   = 0.000000000000000e+00 -1.490116119384766e-08 -1.000000000000000e+00
zras   = 5.820766091346741e-11 1.000000000000000e+00 1.490116119384766e-08
cras   = 3.831344604492188e+00 1.094679260253906e+01 -9.604904174804688e+00
dst volume info
valid = 1  # volume info valid
filename = /opt/freesurfer/average/mni305.cor.mgz
volume = 256 256 256
voxelsize = 1.000000000000000e+00 1.000000000000000e+00 1.000000000000000e+00
xras   = -1.000000000000000e+00 0.000000000000000e+00 0.000000000000000e+00
yras   = 0.000000000000000e+00 0.000000000000000e+00 -1.000000000000000e+00
zras   = 0.000000000000000e+00 1.000000000000000e+00 0.000000000000000e+00
cras   = 0.000000000000000e+00 0.000000000000000e+00 0.000000000000000e+00
subject fsaverage
fscale 0.100000
