# transform file /scratch/tmp/fs_mp2rage_tests2/sourcedata/freesurfer_memprage/sub-fsm02cd/mri/transforms/cc_up.lta
# created by bpinsard on Sun Nov 24 12:12:28 2024

type      = 0 # LINEAR_VOX_TO_VOX
nxforms   = 1
mean      = 129.0000 131.0000 128.0000
sigma     = 10000.0000
1 4 4
9.989681243896484e-01 -4.353268072009087e-02 -1.295019965618849e-02 6.374250411987305e+00 
4.352902248501778e-02 9.990519881248474e-01 -5.642917822115123e-04 5.589259624481201e+00 
1.296248845756054e-02 -5.820766785236131e-11 9.999160170555115e-01 6.345619678497314e+00 
0.000000000000000e+00 0.000000000000000e+00 0.000000000000000e+00 1.000000000000000e+00 
src volume info
valid = 1  # volume info valid
filename = /scratch/tmp/fs_mp2rage_tests2/sourcedata/freesurfer_memprage/sub-fsm02cd/mri/norm.mgz
volume = 256 256 256
voxelsize = 1.000000000000000e+00 1.000000000000000e+00 1.000000000000000e+00
xras   = -1.000000119209290e+00 0.000000000000000e+00 0.000000000000000e+00
yras   = 3.725290298461914e-09 0.000000000000000e+00 -1.000000119209290e+00
zras   = -1.862645149230957e-09 1.000000119209290e+00 2.980232238769531e-08
cras   = 4.893295288085938e+00 1.030718231201172e+01 3.180200195312500e+01
dst volume info
valid = 1  # volume info valid
filename = /scratch/tmp/fs_mp2rage_tests2/sourcedata/freesurfer_memprage/sub-fsm02cd/mri/norm.mgz
volume = 256 256 256
voxelsize = 1.000000000000000e+00 1.000000000000000e+00 1.000000000000000e+00
xras   = -1.000000119209290e+00 0.000000000000000e+00 0.000000000000000e+00
yras   = 3.725290298461914e-09 0.000000000000000e+00 -1.000000119209290e+00
zras   = -1.862645149230957e-09 1.000000119209290e+00 2.980232238769531e-08
cras   = 4.893295288085938e+00 1.030718231201172e+01 3.180200195312500e+01
