# transform file transforms/talairach.lta
# created by bpinsard on Sun Nov 24 08:20:09 2024

type      = 0 # LINEAR_VOX_TO_VOX
nxforms   = 1
mean      = 129.0000 131.0000 128.0000
sigma     = 10000.0000
1 4 4
1.034422159194946e+00 -3.702143207192421e-02 1.047429442405701e-02 -4.398129463195801e+00 
1.946667023003101e-02 1.165466547012329e+00 7.639128714799881e-02 -4.049235916137695e+01 
-1.350985188037157e-02 -8.215375244617462e-02 1.015086412429810e+00 -6.848356723785400e+00 
0.000000000000000e+00 0.000000000000000e+00 0.000000000000000e+00 1.000000000000000e+00 
src volume info
valid = 1  # volume info valid
filename = nu.mgz
volume = 256 256 256
voxelsize = 1.000000000000000e+00 1.000000000000000e+00 1.000000000000000e+00
xras   = -1.000000119209290e+00 0.000000000000000e+00 0.000000000000000e+00
yras   = 3.725290298461914e-09 0.000000000000000e+00 -1.000000119209290e+00
zras   = -1.862645149230957e-09 1.000000119209290e+00 2.980232238769531e-08
cras   = 4.893295288085938e+00 1.030718231201172e+01 3.180200195312500e+01
dst volume info
valid = 1  # volume info valid
filename = /opt/freesurfer/average/RB_all_2020-01-02.gca
volume = 256 256 256
voxelsize = 1.000000000000000e+00 1.000000000000000e+00 1.000000000000000e+00
xras   = -1.000000000000000e+00 0.000000000000000e+00 0.000000000000000e+00
yras   = 0.000000000000000e+00 0.000000000000000e+00 -1.000000000000000e+00
zras   = 0.000000000000000e+00 1.000000000000000e+00 0.000000000000000e+00
cras   = 0.000000000000000e+00 0.000000000000000e+00 0.000000000000000e+00
