type      = 0 # LINEAR_VOX_TO_VOX
nxforms   = 1
mean      = 0.0000 0.0000 0.0000
sigma     = 1.0000
1 4 4
1.069239139556885e+00 -5.983201041817665e-02 -4.770996514707804e-03 -2.157516479492188e+00 
6.125900894403458e-02 1.123880147933960e+00 1.425959914922714e-01 -5.159034729003906e+01 
-9.666000492870808e-03 -1.655270159244537e-01 1.064379096031189e+00 -3.175781250000000e+00 
0.000000000000000e+00 0.000000000000000e+00 0.000000000000000e+00 1.000000000000000e+00 
src volume info
valid = 1  # volume info valid
filename = /scratch/tmp/fs_mp2rage_tests2/sourcedata/freesurfer_memprage/sub-fsm02cd/mri/orig.mgz
volume = 256 256 256
voxelsize = 1.000000000000000e+00 1.000000000000000e+00 1.000000000000000e+00
xras   = -1.000000119209290e+00 0.000000000000000e+00 0.000000000000000e+00
yras   = 3.725290298461914e-09 0.000000000000000e+00 -1.000000119209290e+00
zras   = -1.862645149230957e-09 1.000000119209290e+00 2.980232238769531e-08
cras   = 4.893295288085938e+00 1.030718231201172e+01 3.180200195312500e+01
dst volume info
valid = 1  # volume info valid
filename = /opt/freesurfer/average/mni305.cor.mgz
volume = 256 256 256
voxelsize = 1.000000000000000e+00 1.000000000000000e+00 1.000000000000000e+00
xras   = -1.000000000000000e+00 0.000000000000000e+00 0.000000000000000e+00
yras   = 0.000000000000000e+00 0.000000000000000e+00 -1.000000000000000e+00
zras   = 0.000000000000000e+00 1.000000000000000e+00 0.000000000000000e+00
cras   = 0.000000000000000e+00 0.000000000000000e+00 0.000000000000000e+00
subject fsaverage
fscale 0.100000
