# transform file /scratch/tmp/fs_mp2rage_tests/sourcedata/freesurfer_mp2rage/sub-fsm64ps/mri/transforms/cc_up.lta
# created by bpinsard on Sun Nov 24 03:31:20 2024

type      = 0 # LINEAR_VOX_TO_VOX
nxforms   = 1
mean      = 129.0000 109.0000 102.0000
sigma     = 10000.0000
1 4 4
9.965235590934753e-01 8.070759475231171e-02 2.066795155405998e-02 -1.081987190246582e+01 
-8.069023489952087e-02 9.967378973960876e-01 -1.673519727773964e-03 4.794265365600586e+01 
-2.073559537529945e-02 0.000000000000000e+00 9.997850656509399e-01 5.271895599365234e+01 
0.000000000000000e+00 0.000000000000000e+00 0.000000000000000e+00 1.000000000000000e+00 
src volume info
valid = 1  # volume info valid
filename = /scratch/tmp/fs_mp2rage_tests/sourcedata/freesurfer_mp2rage/sub-fsm64ps/mri/norm.mgz
volume = 256 256 256
voxelsize = 1.000000000000000e+00 1.000000000000000e+00 1.000000000000000e+00
xras   = -1.000000000000000e+00 1.862645149230957e-09 7.450580596923828e-09
yras   = 7.450580596923828e-09 1.490116119384766e-08 -1.000000000000000e+00
zras   = -9.313225746154785e-10 1.000000000000000e+00 0.000000000000000e+00
cras   = -2.643814086914062e+00 3.501704406738281e+01 -3.652835083007812e+01
dst volume info
valid = 1  # volume info valid
filename = /scratch/tmp/fs_mp2rage_tests/sourcedata/freesurfer_mp2rage/sub-fsm64ps/mri/norm.mgz
volume = 256 256 256
voxelsize = 1.000000000000000e+00 1.000000000000000e+00 1.000000000000000e+00
xras   = -1.000000000000000e+00 1.862645149230957e-09 7.450580596923828e-09
yras   = 7.450580596923828e-09 1.490116119384766e-08 -1.000000000000000e+00
zras   = -9.313225746154785e-10 1.000000000000000e+00 0.000000000000000e+00
cras   = -2.643814086914062e+00 3.501704406738281e+01 -3.652835083007812e+01
