# transform file transforms/talairach.lta
# created by bpinsard on Sat Nov 23 18:05:11 2024

type      = 0 # LINEAR_VOX_TO_VOX
nxforms   = 1
mean      = 129.0000 109.0000 102.0000
sigma     = 10000.0000
1 4 4
1.129201173782349e+00 6.275948137044907e-02 3.040876239538193e-02 -2.931714439392090e+01 
-6.417981535196304e-02 1.150477170944214e+00 3.693467676639557e-01 -2.782670211791992e+01 
-1.015837304294109e-02 -3.508973419666290e-01 1.027825713157654e+00 4.518987274169922e+01 
0.000000000000000e+00 0.000000000000000e+00 0.000000000000000e+00 1.000000000000000e+00 
src volume info
valid = 1  # volume info valid
filename = nu.mgz
volume = 256 256 256
voxelsize = 1.000000000000000e+00 1.000000000000000e+00 1.000000000000000e+00
xras   = -1.000000000000000e+00 1.862645149230957e-09 7.450580596923828e-09
yras   = 7.450580596923828e-09 1.490116119384766e-08 -1.000000000000000e+00
zras   = -9.313225746154785e-10 1.000000000000000e+00 0.000000000000000e+00
cras   = -2.643814086914062e+00 3.501704406738281e+01 -3.652835083007812e+01
dst volume info
valid = 1  # volume info valid
filename = /opt/freesurfer/average/RB_all_2020-01-02.gca
volume = 256 256 256
voxelsize = 1.000000000000000e+00 1.000000000000000e+00 1.000000000000000e+00
xras   = -1.000000000000000e+00 0.000000000000000e+00 0.000000000000000e+00
yras   = 0.000000000000000e+00 0.000000000000000e+00 -1.000000000000000e+00
zras   = 0.000000000000000e+00 1.000000000000000e+00 0.000000000000000e+00
cras   = 0.000000000000000e+00 0.000000000000000e+00 0.000000000000000e+00
