type      = 0 # LINEAR_VOX_TO_VOX
nxforms   = 1
mean      = 0.0000 0.0000 0.0000
sigma     = 1.0000
1 4 4
1.205569028854370e+00 6.729399412870407e-02 1.024400070309639e-02 -3.606393432617188e+01 
-6.614200770854950e-02 1.195615053176880e+00 4.029389917850494e-01 -3.398458862304688e+01 
-6.282699853181839e-02 -3.753539621829987e-01 1.131446957588196e+00 4.456173706054688e+01 
0.000000000000000e+00 0.000000000000000e+00 0.000000000000000e+00 1.000000000000000e+00 
src volume info
valid = 1  # volume info valid
filename = /scratch/tmp/fs_mp2rage_tests/sourcedata/freesurfer_mp2rage/sub-fsm64ps/mri/orig.mgz
volume = 256 256 256
voxelsize = 1.000000000000000e+00 1.000000000000000e+00 1.000000000000000e+00
xras   = -1.000000000000000e+00 1.862645149230957e-09 7.450580596923828e-09
yras   = 7.450580596923828e-09 1.490116119384766e-08 -1.000000000000000e+00
zras   = -9.313225746154785e-10 1.000000000000000e+00 0.000000000000000e+00
cras   = -2.643814086914062e+00 3.501704406738281e+01 -3.652835083007812e+01
dst volume info
valid = 1  # volume info valid
filename = /opt/freesurfer/average/mni305.cor.mgz
volume = 256 256 256
voxelsize = 1.000000000000000e+00 1.000000000000000e+00 1.000000000000000e+00
xras   = -1.000000000000000e+00 0.000000000000000e+00 0.000000000000000e+00
yras   = 0.000000000000000e+00 0.000000000000000e+00 -1.000000000000000e+00
zras   = 0.000000000000000e+00 1.000000000000000e+00 0.000000000000000e+00
cras   = 0.000000000000000e+00 0.000000000000000e+00 0.000000000000000e+00
subject fsaverage
fscale 0.100000
