# transform file /scratch/tmp/fs_mp2rage_tests2/sourcedata/freesurfer_memprage/sub-fsm76cw/mri/transforms/cc_up.lta
# created by bpinsard on Sun Nov 24 23:03:15 2024

type      = 0 # LINEAR_VOX_TO_VOX
nxforms   = 1
mean      = 131.0000 100.0000 109.0000
sigma     = 10000.0000
1 4 4
9.843369126319885e-01 1.737805604934692e-01 -2.968479320406914e-02 -1.477141094207764e+01 
-1.737015843391418e-01 9.847843647003174e-01 5.238344427198172e-03 7.094274902343750e+01 
3.014344535768032e-02 0.000000000000000e+00 9.995455741882324e-01 1.600985717773438e+01 
0.000000000000000e+00 0.000000000000000e+00 0.000000000000000e+00 1.000000000000000e+00 
src volume info
valid = 1  # volume info valid
filename = /scratch/tmp/fs_mp2rage_tests2/sourcedata/freesurfer_memprage/sub-fsm76cw/mri/norm.mgz
volume = 256 256 256
voxelsize = 1.000000000000000e+00 1.000000000000000e+00 1.000000000000000e+00
xras   = -1.000000000000000e+00 0.000000000000000e+00 1.490116119384766e-08
yras   = 1.490116119384766e-08 0.000000000000000e+00 -1.000000000000000e+00
zras   = 3.725290298461914e-09 9.999999403953552e-01 0.000000000000000e+00
cras   = -7.012557983398438e-01 2.737734985351562e+01 -2.049909973144531e+01
dst volume info
valid = 1  # volume info valid
filename = /scratch/tmp/fs_mp2rage_tests2/sourcedata/freesurfer_memprage/sub-fsm76cw/mri/norm.mgz
volume = 256 256 256
voxelsize = 1.000000000000000e+00 1.000000000000000e+00 1.000000000000000e+00
xras   = -1.000000000000000e+00 0.000000000000000e+00 1.490116119384766e-08
yras   = 1.490116119384766e-08 0.000000000000000e+00 -1.000000000000000e+00
zras   = 3.725290298461914e-09 9.999999403953552e-01 0.000000000000000e+00
cras   = -7.012557983398438e-01 2.737734985351562e+01 -2.049909973144531e+01
