# transform file transforms/talairach.lta
# created by bpinsard on Sun Nov 24 08:45:12 2024

type      = 0 # LINEAR_VOX_TO_VOX
nxforms   = 1
mean      = 131.0000 101.0000 109.0000
sigma     = 10000.0000
1 4 4
9.666559696197510e-01 1.478148102760315e-01 -1.570757478475571e-02 -1.331660938262939e+01 
-2.075683623552322e-01 1.172059059143066e+00 7.533804327249527e-02 2.759031105041504e+01 
2.771659009158611e-02 -7.926583290100098e-02 9.756409525871277e-01 6.163398742675781e+00 
0.000000000000000e+00 0.000000000000000e+00 0.000000000000000e+00 1.000000000000000e+00 
src volume info
valid = 1  # volume info valid
filename = nu.mgz
volume = 256 256 256
voxelsize = 1.000000000000000e+00 1.000000000000000e+00 1.000000000000000e+00
xras   = -1.000000000000000e+00 0.000000000000000e+00 1.490116119384766e-08
yras   = 1.490116119384766e-08 0.000000000000000e+00 -1.000000000000000e+00
zras   = 3.725290298461914e-09 9.999999403953552e-01 0.000000000000000e+00
cras   = -7.012557983398438e-01 2.737734985351562e+01 -2.049909973144531e+01
dst volume info
valid = 1  # volume info valid
filename = /opt/freesurfer/average/RB_all_2020-01-02.gca
volume = 256 256 256
voxelsize = 1.000000000000000e+00 1.000000000000000e+00 1.000000000000000e+00
xras   = -1.000000000000000e+00 0.000000000000000e+00 0.000000000000000e+00
yras   = 0.000000000000000e+00 0.000000000000000e+00 -1.000000000000000e+00
zras   = 0.000000000000000e+00 1.000000000000000e+00 0.000000000000000e+00
cras   = 0.000000000000000e+00 0.000000000000000e+00 0.000000000000000e+00
