type      = 1 # LINEAR_RAS_TO_RAS
nxforms   = 1
mean      = 0.0000 0.0000 0.0000
sigma     = 1.0000
1 4 4
1.013789057731628e+00 3.339900076389313e-02 1.237030029296875e-01 3.147156000137329e+00 
-4.395100101828575e-02 1.013751983642578e+00 1.229910030961037e-01 -2.979759979248047e+01 
-1.637600064277649e-01 -1.257150024175644e-01 1.118180036544800e+00 -5.240905761718750e+00 
0.000000000000000e+00 0.000000000000000e+00 0.000000000000000e+00 1.000000000000000e+00 
src volume info
valid = 1  # volume info valid
filename = /scratch/tmp/fs_mp2rage_tests2/sourcedata/freesurfer_memprage/sub-fsm76cw/mri/orig_nu.mgz
volume = 256 256 256
voxelsize = 1.000000000000000e+00 1.000000000000000e+00 1.000000000000000e+00
xras   = -1.000000000000000e+00 0.000000000000000e+00 1.490116119384766e-08
yras   = 1.490116119384766e-08 0.000000000000000e+00 -1.000000000000000e+00
zras   = 3.725290298461914e-09 9.999999403953552e-01 0.000000000000000e+00
cras   = -7.012557983398438e-01 2.737734985351562e+01 -2.049909973144531e+01
dst volume info
valid = 1  # volume info valid
filename = /opt/freesurfer/average/mni305.cor.mgz
volume = 256 256 256
voxelsize = 1.000000000000000e+00 1.000000000000000e+00 1.000000000000000e+00
xras   = -1.000000000000000e+00 0.000000000000000e+00 0.000000000000000e+00
yras   = 0.000000000000000e+00 0.000000000000000e+00 -1.000000000000000e+00
zras   = 0.000000000000000e+00 1.000000000000000e+00 0.000000000000000e+00
cras   = 0.000000000000000e+00 0.000000000000000e+00 0.000000000000000e+00
subject fsaverage
fscale 0.100000
