# transform file /scratch/tmp/fs_mp2rage_tests2/sourcedata/freesurfer_memprage/sub-fsm21em/mri/transforms/cc_up.lta
# created by bpinsard on Sun Nov 24 12:14:07 2024

type      = 0 # LINEAR_VOX_TO_VOX
nxforms   = 1
mean      = 128.0000 108.0000 109.0000
sigma     = 10000.0000
1 4 4
9.900593757629395e-01 -7.770667970180511e-02 1.172361075878143e-01 -1.322073221206665e+00 
7.716754823923111e-02 9.969763159751892e-01 9.137656539678574e-03 2.564130401611328e+01 
-1.175916716456413e-01 0.000000000000000e+00 9.930620789527893e-01 4.351034927368164e+01 
0.000000000000000e+00 0.000000000000000e+00 0.000000000000000e+00 1.000000000000000e+00 
src volume info
valid = 1  # volume info valid
filename = /scratch/tmp/fs_mp2rage_tests2/sourcedata/freesurfer_memprage/sub-fsm21em/mri/norm.mgz
volume = 256 256 256
voxelsize = 1.000000000000000e+00 1.000000000000000e+00 1.000000000000000e+00
xras   = -1.000000000000000e+00 3.492459654808044e-09 0.000000000000000e+00
yras   = -7.450580596923828e-09 -1.862645149230957e-09 -1.000000000000000e+00
zras   = -3.376044332981110e-09 1.000000000000000e+00 0.000000000000000e+00
cras   = 6.414855957031250e+00 2.651144409179688e+01 -7.943161010742188e+00
dst volume info
valid = 1  # volume info valid
filename = /scratch/tmp/fs_mp2rage_tests2/sourcedata/freesurfer_memprage/sub-fsm21em/mri/norm.mgz
volume = 256 256 256
voxelsize = 1.000000000000000e+00 1.000000000000000e+00 1.000000000000000e+00
xras   = -1.000000000000000e+00 3.492459654808044e-09 0.000000000000000e+00
yras   = -7.450580596923828e-09 -1.862645149230957e-09 -1.000000000000000e+00
zras   = -3.376044332981110e-09 1.000000000000000e+00 0.000000000000000e+00
cras   = 6.414855957031250e+00 2.651144409179688e+01 -7.943161010742188e+00
