# transform file transforms/talairach.lta
# created by bpinsard on Sun Nov 24 08:20:35 2024

type      = 0 # LINEAR_VOX_TO_VOX
nxforms   = 1
mean      = 129.0000 107.0000 108.0000
sigma     = 10000.0000
1 4 4
1.038709282875061e+00 -8.877804875373840e-02 1.565745472908020e-01 -1.278369426727295e+01 
7.315206527709961e-02 1.118932008743286e+00 1.697915196418762e-01 -2.213064765930176e+01 
-1.577764153480530e-01 -1.285042166709900e-01 9.392786026000977e-01 4.340051651000977e+01 
0.000000000000000e+00 0.000000000000000e+00 0.000000000000000e+00 1.000000000000000e+00 
src volume info
valid = 1  # volume info valid
filename = nu.mgz
volume = 256 256 256
voxelsize = 1.000000000000000e+00 1.000000000000000e+00 1.000000000000000e+00
xras   = -1.000000000000000e+00 3.492459654808044e-09 0.000000000000000e+00
yras   = -7.450580596923828e-09 -1.862645149230957e-09 -1.000000000000000e+00
zras   = -3.376044332981110e-09 1.000000000000000e+00 0.000000000000000e+00
cras   = 6.414855957031250e+00 2.651144409179688e+01 -7.943161010742188e+00
dst volume info
valid = 1  # volume info valid
filename = /opt/freesurfer/average/RB_all_2020-01-02.gca
volume = 256 256 256
voxelsize = 1.000000000000000e+00 1.000000000000000e+00 1.000000000000000e+00
xras   = -1.000000000000000e+00 0.000000000000000e+00 0.000000000000000e+00
yras   = 0.000000000000000e+00 0.000000000000000e+00 -1.000000000000000e+00
zras   = 0.000000000000000e+00 1.000000000000000e+00 0.000000000000000e+00
cras   = 0.000000000000000e+00 0.000000000000000e+00 0.000000000000000e+00
