type      = 1 # LINEAR_RAS_TO_RAS
nxforms   = 1
mean      = 0.0000 0.0000 0.0000
sigma     = 1.0000
1 4 4
1.038444995880127e+00 -1.254149973392487e-01 -9.290900081396103e-02 -6.065703868865967e+00 
1.406639963388443e-01 9.656320214271545e-01 8.774500340223312e-02 -2.529485321044922e+01 
6.144300103187561e-02 -1.200689971446991e-01 1.073089003562927e+00 -1.103675842285156e+01 
0.000000000000000e+00 0.000000000000000e+00 0.000000000000000e+00 1.000000000000000e+00 
src volume info
valid = 1  # volume info valid
filename = /scratch/tmp/fs_mp2rage_tests2/sourcedata/freesurfer_memprage/sub-fsm21em/mri/orig_nu.mgz
volume = 256 256 256
voxelsize = 1.000000000000000e+00 1.000000000000000e+00 1.000000000000000e+00
xras   = -1.000000000000000e+00 3.492459654808044e-09 0.000000000000000e+00
yras   = -7.450580596923828e-09 -1.862645149230957e-09 -1.000000000000000e+00
zras   = -3.376044332981110e-09 1.000000000000000e+00 0.000000000000000e+00
cras   = 6.414855957031250e+00 2.651144409179688e+01 -7.943161010742188e+00
dst volume info
valid = 1  # volume info valid
filename = /opt/freesurfer/average/mni305.cor.mgz
volume = 256 256 256
voxelsize = 1.000000000000000e+00 1.000000000000000e+00 1.000000000000000e+00
xras   = -1.000000000000000e+00 0.000000000000000e+00 0.000000000000000e+00
yras   = 0.000000000000000e+00 0.000000000000000e+00 -1.000000000000000e+00
zras   = 0.000000000000000e+00 1.000000000000000e+00 0.000000000000000e+00
cras   = 0.000000000000000e+00 0.000000000000000e+00 0.000000000000000e+00
subject fsaverage
fscale 0.100000
