# transform file /scratch/tmp/fs_mp2rage_tests/sourcedata/freesurfer_mp2rage/sub-fsm24dz/mri/transforms/cc_up.lta
# created by bpinsard on Sun Nov 24 00:00:30 2024

type      = 0 # LINEAR_VOX_TO_VOX
nxforms   = 1
mean      = 127.0000 103.0000 105.0000
sigma     = 10000.0000
1 4 4
9.997928142547607e-01 -2.031456492841244e-02 1.284189056605101e-03 2.615667819976807e+00 
2.031454816460609e-02 9.997936487197876e-01 2.609312650747597e-05 4.145532608032227e+01 
-1.284454134292901e-03 0.000000000000000e+00 9.999992251396179e-01 3.716190719604492e+01 
0.000000000000000e+00 0.000000000000000e+00 0.000000000000000e+00 1.000000000000000e+00 
src volume info
valid = 1  # volume info valid
filename = /scratch/tmp/fs_mp2rage_tests/sourcedata/freesurfer_mp2rage/sub-fsm24dz/mri/norm.mgz
volume = 256 256 256
voxelsize = 1.000000000000000e+00 1.000000000000000e+00 1.000000000000000e+00
xras   = -1.000000238418579e+00 1.280568540096283e-09 0.000000000000000e+00
yras   = -3.725290298461914e-09 0.000000000000000e+00 -1.000000119209290e+00
zras   = -1.047737896442413e-09 1.000000119209290e+00 3.725290298461914e-09
cras   = -2.735206604003906e+00 3.729867553710938e+01 -1.675102233886719e+01
dst volume info
valid = 1  # volume info valid
filename = /scratch/tmp/fs_mp2rage_tests/sourcedata/freesurfer_mp2rage/sub-fsm24dz/mri/norm.mgz
volume = 256 256 256
voxelsize = 1.000000000000000e+00 1.000000000000000e+00 1.000000000000000e+00
xras   = -1.000000238418579e+00 1.280568540096283e-09 0.000000000000000e+00
yras   = -3.725290298461914e-09 0.000000000000000e+00 -1.000000119209290e+00
zras   = -1.047737896442413e-09 1.000000119209290e+00 3.725290298461914e-09
cras   = -2.735206604003906e+00 3.729867553710938e+01 -1.675102233886719e+01
