type      = 0 # LINEAR_VOX_TO_VOX
nxforms   = 1
mean      = 0.0000 0.0000 0.0000
sigma     = 1.0000
1 4 4
1.126970291137695e+00 -5.444500222802162e-02 1.600000448524952e-02 -1.150308227539062e+01 
4.631800949573517e-02 1.198287129402161e+00 2.446160316467285e-01 -3.017202758789062e+01 
3.535100817680359e-02 -3.973560631275177e-01 1.053044080734253e+00 3.314555358886719e+01 
0.000000000000000e+00 0.000000000000000e+00 0.000000000000000e+00 1.000000000000000e+00 
src volume info
valid = 1  # volume info valid
filename = /scratch/tmp/fs_mp2rage_tests/sourcedata/freesurfer_mp2rage/sub-fsm24dz/mri/orig.mgz
volume = 256 256 256
voxelsize = 1.000000000000000e+00 1.000000000000000e+00 1.000000000000000e+00
xras   = -1.000000238418579e+00 1.280568540096283e-09 0.000000000000000e+00
yras   = -3.725290298461914e-09 0.000000000000000e+00 -1.000000119209290e+00
zras   = -1.047737896442413e-09 1.000000119209290e+00 3.725290298461914e-09
cras   = -2.735206604003906e+00 3.729867553710938e+01 -1.675102233886719e+01
dst volume info
valid = 1  # volume info valid
filename = /opt/freesurfer/average/mni305.cor.mgz
volume = 256 256 256
voxelsize = 1.000000000000000e+00 1.000000000000000e+00 1.000000000000000e+00
xras   = -1.000000000000000e+00 0.000000000000000e+00 0.000000000000000e+00
yras   = 0.000000000000000e+00 0.000000000000000e+00 -1.000000000000000e+00
zras   = 0.000000000000000e+00 1.000000000000000e+00 0.000000000000000e+00
cras   = 0.000000000000000e+00 0.000000000000000e+00 0.000000000000000e+00
subject fsaverage
fscale 0.100000
