# transform file transforms/talairach.lta
# created by bpinsard on Sat Nov 23 17:59:01 2024

type      = 0 # LINEAR_VOX_TO_VOX
nxforms   = 1
mean      = 127.0000 105.0000 105.0000
sigma     = 10000.0000
1 4 4
1.082572817802429e+00 -4.794261977076530e-02 2.416188828647137e-02 -8.827067375183105e+00 
3.419633209705353e-02 1.248270392417908e+00 2.764598727226257e-01 -3.569353485107422e+01 
-3.433876484632492e-02 -2.119596451520920e-01 1.017589569091797e+00 2.964017105102539e+01 
0.000000000000000e+00 0.000000000000000e+00 0.000000000000000e+00 1.000000000000000e+00 
src volume info
valid = 1  # volume info valid
filename = nu.mgz
volume = 256 256 256
voxelsize = 1.000000000000000e+00 1.000000000000000e+00 1.000000000000000e+00
xras   = -1.000000238418579e+00 1.280568540096283e-09 0.000000000000000e+00
yras   = -3.725290298461914e-09 0.000000000000000e+00 -1.000000119209290e+00
zras   = -1.047737896442413e-09 1.000000119209290e+00 3.725290298461914e-09
cras   = -2.735206604003906e+00 3.729867553710938e+01 -1.675102233886719e+01
dst volume info
valid = 1  # volume info valid
filename = /opt/freesurfer/average/RB_all_2020-01-02.gca
volume = 256 256 256
voxelsize = 1.000000000000000e+00 1.000000000000000e+00 1.000000000000000e+00
xras   = -1.000000000000000e+00 0.000000000000000e+00 0.000000000000000e+00
yras   = 0.000000000000000e+00 0.000000000000000e+00 -1.000000000000000e+00
zras   = 0.000000000000000e+00 1.000000000000000e+00 0.000000000000000e+00
cras   = 0.000000000000000e+00 0.000000000000000e+00 0.000000000000000e+00
