type      = 1 # LINEAR_RAS_TO_RAS
nxforms   = 1
mean      = 0.0000 0.0000 0.0000
sigma     = 1.0000
1 4 4
1.047178983688354e+00 1.750000054016709e-03 -4.408700019121170e-02 -1.420578002929688e+00 
-2.130299992859364e-02 1.080610990524292e+00 2.846759855747223e-01 -3.605261993408203e+01 
2.944100089371204e-02 -3.770599961280823e-01 1.080633997917175e+00 9.376678466796875e+00 
0.000000000000000e+00 0.000000000000000e+00 0.000000000000000e+00 1.000000000000000e+00 
src volume info
valid = 1  # volume info valid
filename = /scratch/tmp/fs_mp2rage_tests2/sourcedata/freesurfer_memprage/sub-fsm10cv/mri/orig_nu.mgz
volume = 256 256 256
voxelsize = 1.000000000000000e+00 1.000000000000000e+00 1.000000000000000e+00
xras   = -1.000000000000000e+00 0.000000000000000e+00 -3.725290298461914e-09
yras   = 3.725290298461914e-09 -7.450580596923828e-09 -1.000000000000000e+00
zras   = -4.656612873077393e-10 1.000000119209290e+00 -7.450580596923828e-09
cras   = 7.245101928710938e-01 4.252358245849609e+01 -2.642414855957031e+01
dst volume info
valid = 1  # volume info valid
filename = /opt/freesurfer/average/mni305.cor.mgz
volume = 256 256 256
voxelsize = 1.000000000000000e+00 1.000000000000000e+00 1.000000000000000e+00
xras   = -1.000000000000000e+00 0.000000000000000e+00 0.000000000000000e+00
yras   = 0.000000000000000e+00 0.000000000000000e+00 -1.000000000000000e+00
zras   = 0.000000000000000e+00 1.000000000000000e+00 0.000000000000000e+00
cras   = 0.000000000000000e+00 0.000000000000000e+00 0.000000000000000e+00
subject fsaverage
fscale 0.100000
