# transform file transforms/talairach.lta
# created by bpinsard on Sun Nov 24 08:21:23 2024

type      = 0 # LINEAR_VOX_TO_VOX
nxforms   = 1
mean      = 128.0000 106.0000 103.0000
sigma     = 10000.0000
1 4 4
1.034400105476379e+00 -2.250173874199390e-02 1.239787321537733e-02 -4.627389430999756e+00 
1.629686355590820e-02 1.097928404808044e+00 2.595102190971375e-01 -1.820294380187988e+01 
-1.694004237651825e-02 -2.352904826402664e-01 1.028755068778992e+00 2.820142936706543e+01 
0.000000000000000e+00 0.000000000000000e+00 0.000000000000000e+00 1.000000000000000e+00 
src volume info
valid = 1  # volume info valid
filename = nu.mgz
volume = 256 256 256
voxelsize = 1.000000000000000e+00 1.000000000000000e+00 1.000000000000000e+00
xras   = -1.000000000000000e+00 0.000000000000000e+00 -3.725290298461914e-09
yras   = 3.725290298461914e-09 -7.450580596923828e-09 -1.000000000000000e+00
zras   = -4.656612873077393e-10 1.000000119209290e+00 -7.450580596923828e-09
cras   = 7.245101928710938e-01 4.252358245849609e+01 -2.642414855957031e+01
dst volume info
valid = 1  # volume info valid
filename = /opt/freesurfer/average/RB_all_2020-01-02.gca
volume = 256 256 256
voxelsize = 1.000000000000000e+00 1.000000000000000e+00 1.000000000000000e+00
xras   = -1.000000000000000e+00 0.000000000000000e+00 0.000000000000000e+00
yras   = 0.000000000000000e+00 0.000000000000000e+00 -1.000000000000000e+00
zras   = 0.000000000000000e+00 1.000000000000000e+00 0.000000000000000e+00
cras   = 0.000000000000000e+00 0.000000000000000e+00 0.000000000000000e+00
