type      = 0 # LINEAR_VOX_TO_VOX
nxforms   = 1
mean      = 0.0000 0.0000 0.0000
sigma     = 1.0000
1 4 4
1.047109961509705e+00 -3.876699879765511e-02 4.679099470376968e-02 -7.719070434570312e+00 
-2.469599992036819e-02 9.979869723320007e-01 2.980760037899017e-01 -7.386505126953125e+00 
-8.839400112628937e-02 -3.364090025424957e-01 9.150620102882385e-01 6.400454711914062e+01 
0.000000000000000e+00 0.000000000000000e+00 0.000000000000000e+00 1.000000000000000e+00 
src volume info
valid = 1  # volume info valid
filename = /scratch/tmp/fs_mp2rage_tests2/sourcedata/freesurfer_memprage/sub-fsm57hp/mri/orig.mgz
volume = 256 256 256
voxelsize = 1.000000000000000e+00 1.000000000000000e+00 1.000000000000000e+00
xras   = -1.000000000000000e+00 1.629814505577087e-09 9.313225746154785e-10
yras   = 9.313225746154785e-10 1.490116119384766e-08 -1.000000000000000e+00
zras   = 2.095475792884827e-09 1.000000000000000e+00 0.000000000000000e+00
cras   = -2.093276977539062e+00 4.305136108398438e+01 -3.005795288085938e+01
dst volume info
valid = 1  # volume info valid
filename = /opt/freesurfer/average/mni305.cor.mgz
volume = 256 256 256
voxelsize = 1.000000000000000e+00 1.000000000000000e+00 1.000000000000000e+00
xras   = -1.000000000000000e+00 0.000000000000000e+00 0.000000000000000e+00
yras   = 0.000000000000000e+00 0.000000000000000e+00 -1.000000000000000e+00
zras   = 0.000000000000000e+00 1.000000000000000e+00 0.000000000000000e+00
cras   = 0.000000000000000e+00 0.000000000000000e+00 0.000000000000000e+00
subject fsaverage
fscale 0.100000
