# transform file transforms/talairach.lta
# created by bpinsard on Sun Nov 24 08:36:06 2024

type      = 0 # LINEAR_VOX_TO_VOX
nxforms   = 1
mean      = 130.0000 108.0000 102.0000
sigma     = 10000.0000
1 4 4
1.015370249748230e+00 -1.581890881061554e-02 8.097789436578751e-02 -1.119262790679932e+01 
-3.119381377473474e-03 1.061809539794922e+00 2.892981171607971e-01 -1.729734611511230e+01 
-7.926754653453827e-02 -2.430728524923325e-01 9.271049499511719e-01 5.318923187255859e+01 
0.000000000000000e+00 0.000000000000000e+00 0.000000000000000e+00 1.000000000000000e+00 
src volume info
valid = 1  # volume info valid
filename = nu.mgz
volume = 256 256 256
voxelsize = 1.000000000000000e+00 1.000000000000000e+00 1.000000000000000e+00
xras   = -1.000000000000000e+00 1.629814505577087e-09 9.313225746154785e-10
yras   = 9.313225746154785e-10 1.490116119384766e-08 -1.000000000000000e+00
zras   = 2.095475792884827e-09 1.000000000000000e+00 0.000000000000000e+00
cras   = -2.093276977539062e+00 4.305136108398438e+01 -3.005795288085938e+01
dst volume info
valid = 1  # volume info valid
filename = /opt/freesurfer/average/RB_all_2020-01-02.gca
volume = 256 256 256
voxelsize = 1.000000000000000e+00 1.000000000000000e+00 1.000000000000000e+00
xras   = -1.000000000000000e+00 0.000000000000000e+00 0.000000000000000e+00
yras   = 0.000000000000000e+00 0.000000000000000e+00 -1.000000000000000e+00
zras   = 0.000000000000000e+00 1.000000000000000e+00 0.000000000000000e+00
cras   = 0.000000000000000e+00 0.000000000000000e+00 0.000000000000000e+00
