# transform file /scratch/tmp/fs_mp2rage_tests/sourcedata/freesurfer_mp2rage/sub-fsm76cw/mri/transforms/cc_up.lta
# created by bpinsard on Sun Nov 24 06:48:46 2024

type      = 0 # LINEAR_VOX_TO_VOX
nxforms   = 1
mean      = 130.0000 100.0000 107.0000
sigma     = 10000.0000
1 4 4
9.839122891426086e-01 1.757924705743790e-01 -3.183819353580475e-02 -1.469197654724121e+01 
-1.757005006074905e-01 9.844272732734680e-01 5.685452837496996e-03 7.221546173095703e+01 
3.234184533357620e-02 0.000000000000000e+00 9.994769096374512e-01 2.271903038024902e+01 
0.000000000000000e+00 0.000000000000000e+00 0.000000000000000e+00 1.000000000000000e+00 
src volume info
valid = 1  # volume info valid
filename = /scratch/tmp/fs_mp2rage_tests/sourcedata/freesurfer_mp2rage/sub-fsm76cw/mri/norm.mgz
volume = 256 256 256
voxelsize = 1.000000000000000e+00 1.000000000000000e+00 1.000000000000000e+00
xras   = -1.000000000000000e+00 0.000000000000000e+00 1.490116119384766e-08
yras   = 1.490116119384766e-08 7.450580596923828e-09 -1.000000000000000e+00
zras   = 5.587935447692871e-09 9.999999403953552e-01 0.000000000000000e+00
cras   = -7.008743286132812e-01 2.737742614746094e+01 -2.049902343750000e+01
dst volume info
valid = 1  # volume info valid
filename = /scratch/tmp/fs_mp2rage_tests/sourcedata/freesurfer_mp2rage/sub-fsm76cw/mri/norm.mgz
volume = 256 256 256
voxelsize = 1.000000000000000e+00 1.000000000000000e+00 1.000000000000000e+00
xras   = -1.000000000000000e+00 0.000000000000000e+00 1.490116119384766e-08
yras   = 1.490116119384766e-08 7.450580596923828e-09 -1.000000000000000e+00
zras   = 5.587935447692871e-09 9.999999403953552e-01 0.000000000000000e+00
cras   = -7.008743286132812e-01 2.737742614746094e+01 -2.049902343750000e+01
