# transform file transforms/talairach.lta
# created by bpinsard on Sat Nov 23 18:10:07 2024

type      = 0 # LINEAR_VOX_TO_VOX
nxforms   = 1
mean      = 130.0000 101.0000 107.0000
sigma     = 10000.0000
1 4 4
1.043399333953857e+00 1.847259402275085e-01 -1.815914176404476e-03 -2.950008201599121e+01 
-2.052245289087296e-01 1.108837604522705e+00 1.531565487384796e-01 2.613401222229004e+01 
3.505231067538261e-02 -1.742673665285110e-01 9.903445243835449e-01 1.257592105865479e+01 
0.000000000000000e+00 0.000000000000000e+00 0.000000000000000e+00 1.000000000000000e+00 
src volume info
valid = 1  # volume info valid
filename = nu.mgz
volume = 256 256 256
voxelsize = 1.000000000000000e+00 1.000000000000000e+00 1.000000000000000e+00
xras   = -1.000000000000000e+00 0.000000000000000e+00 1.490116119384766e-08
yras   = 1.490116119384766e-08 7.450580596923828e-09 -1.000000000000000e+00
zras   = 5.587935447692871e-09 9.999999403953552e-01 0.000000000000000e+00
cras   = -7.008743286132812e-01 2.737742614746094e+01 -2.049902343750000e+01
dst volume info
valid = 1  # volume info valid
filename = /opt/freesurfer/average/RB_all_2020-01-02.gca
volume = 256 256 256
voxelsize = 1.000000000000000e+00 1.000000000000000e+00 1.000000000000000e+00
xras   = -1.000000000000000e+00 0.000000000000000e+00 0.000000000000000e+00
yras   = 0.000000000000000e+00 0.000000000000000e+00 -1.000000000000000e+00
zras   = 0.000000000000000e+00 1.000000000000000e+00 0.000000000000000e+00
cras   = 0.000000000000000e+00 0.000000000000000e+00 0.000000000000000e+00
