# transform file transforms/talairach.lta
# created by bpinsard on Sat Nov 23 18:14:14 2024

type      = 0 # LINEAR_VOX_TO_VOX
nxforms   = 1
mean      = 126.0000 109.0000 98.0000
sigma     = 10000.0000
1 4 4
9.580076932907104e-01 9.195176512002945e-02 -5.584095045924187e-02 -1.678387403488159e+00 
-9.327954798936844e-02 1.087391257286072e+00 4.228568673133850e-01 -2.139623641967773e+01 
6.475673615932465e-02 -3.294021487236023e-01 9.176607728004456e-01 4.393040847778320e+01 
0.000000000000000e+00 0.000000000000000e+00 0.000000000000000e+00 1.000000000000000e+00 
src volume info
valid = 1  # volume info valid
filename = nu.mgz
volume = 256 256 256
voxelsize = 1.000000000000000e+00 1.000000000000000e+00 1.000000000000000e+00
xras   = -9.999999403953552e-01 -9.313225746154785e-10 0.000000000000000e+00
yras   = 0.000000000000000e+00 0.000000000000000e+00 -1.000000000000000e+00
zras   = -2.793967723846436e-09 1.000000000000000e+00 -1.490116119384766e-08
cras   = -1.222679138183594e+00 3.346997070312500e+01 -2.037034606933594e+01
dst volume info
valid = 1  # volume info valid
filename = /opt/freesurfer/average/RB_all_2020-01-02.gca
volume = 256 256 256
voxelsize = 1.000000000000000e+00 1.000000000000000e+00 1.000000000000000e+00
xras   = -1.000000000000000e+00 0.000000000000000e+00 0.000000000000000e+00
yras   = 0.000000000000000e+00 0.000000000000000e+00 -1.000000000000000e+00
zras   = 0.000000000000000e+00 1.000000000000000e+00 0.000000000000000e+00
cras   = 0.000000000000000e+00 0.000000000000000e+00 0.000000000000000e+00
