# transform file /scratch/tmp/fs_mp2rage_tests/sourcedata/freesurfer_mp2rage/sub-fsm54jc/mri/transforms/cc_up.lta
# created by bpinsard on Sun Nov 24 03:19:35 2024

type      = 0 # LINEAR_VOX_TO_VOX
nxforms   = 1
mean      = 129.0000 101.0000 105.0000
sigma     = 10000.0000
1 4 4
9.940026998519897e-01 9.923257678747177e-02 -4.595111683011055e-02 -3.573486804962158e+00 
-9.912671148777008e-02 9.950642585754395e-01 4.582465626299381e-03 5.981908798217773e+01 
4.617904499173164e-02 0.000000000000000e+00 9.989331960678101e-01 2.711290740966797e+01 
0.000000000000000e+00 0.000000000000000e+00 0.000000000000000e+00 1.000000000000000e+00 
src volume info
valid = 1  # volume info valid
filename = /scratch/tmp/fs_mp2rage_tests/sourcedata/freesurfer_mp2rage/sub-fsm54jc/mri/norm.mgz
volume = 256 256 256
voxelsize = 1.000000000000000e+00 1.000000000000000e+00 1.000000000000000e+00
xras   = -1.000000000000000e+00 -5.529727786779404e-10 0.000000000000000e+00
yras   = -7.450580596923828e-09 0.000000000000000e+00 -1.000000000000000e+00
zras   = 5.238689482212067e-10 1.000000000000000e+00 -4.656612873077393e-10
cras   = 9.807357788085938e-01 3.039556884765625e+01 -1.333770751953125e+00
dst volume info
valid = 1  # volume info valid
filename = /scratch/tmp/fs_mp2rage_tests/sourcedata/freesurfer_mp2rage/sub-fsm54jc/mri/norm.mgz
volume = 256 256 256
voxelsize = 1.000000000000000e+00 1.000000000000000e+00 1.000000000000000e+00
xras   = -1.000000000000000e+00 -5.529727786779404e-10 0.000000000000000e+00
yras   = -7.450580596923828e-09 0.000000000000000e+00 -1.000000000000000e+00
zras   = 5.238689482212067e-10 1.000000000000000e+00 -4.656612873077393e-10
cras   = 9.807357788085938e-01 3.039556884765625e+01 -1.333770751953125e+00
