# transform file transforms/talairach.lta
# created by bpinsard on Sat Nov 23 18:05:02 2024

type      = 0 # LINEAR_VOX_TO_VOX
nxforms   = 1
mean      = 129.0000 101.0000 105.0000
sigma     = 10000.0000
1 4 4
1.104561686515808e+00 7.934752851724625e-02 -3.431753069162369e-02 -1.986705207824707e+01 
-7.764101773500443e-02 1.163577556610107e+00 2.421102225780487e-01 -7.842085361480713e+00 
5.746371299028397e-02 -1.855536997318268e-01 1.060445785522461e+00 7.821767330169678e+00 
0.000000000000000e+00 0.000000000000000e+00 0.000000000000000e+00 1.000000000000000e+00 
src volume info
valid = 1  # volume info valid
filename = nu.mgz
volume = 256 256 256
voxelsize = 1.000000000000000e+00 1.000000000000000e+00 1.000000000000000e+00
xras   = -1.000000000000000e+00 -5.529727786779404e-10 0.000000000000000e+00
yras   = -7.450580596923828e-09 0.000000000000000e+00 -1.000000000000000e+00
zras   = 5.238689482212067e-10 1.000000000000000e+00 -4.656612873077393e-10
cras   = 9.807357788085938e-01 3.039556884765625e+01 -1.333770751953125e+00
dst volume info
valid = 1  # volume info valid
filename = /opt/freesurfer/average/RB_all_2020-01-02.gca
volume = 256 256 256
voxelsize = 1.000000000000000e+00 1.000000000000000e+00 1.000000000000000e+00
xras   = -1.000000000000000e+00 0.000000000000000e+00 0.000000000000000e+00
yras   = 0.000000000000000e+00 0.000000000000000e+00 -1.000000000000000e+00
zras   = 0.000000000000000e+00 1.000000000000000e+00 0.000000000000000e+00
cras   = 0.000000000000000e+00 0.000000000000000e+00 0.000000000000000e+00
