type      = 1 # LINEAR_RAS_TO_RAS
nxforms   = 1
mean      = 0.0000 0.0000 0.0000
sigma     = 1.0000
1 4 4
1.186509966850281e+00 5.830299854278564e-02 1.133299991488457e-01 -3.640655994415283e+00 
-7.312200218439102e-02 1.137014031410217e+00 3.056519925594330e-01 -3.697422027587891e+01 
-7.556699961423874e-02 -2.150070071220398e-01 1.193027973175049e+00 -2.662283325195312e+01 
0.000000000000000e+00 0.000000000000000e+00 0.000000000000000e+00 1.000000000000000e+00 
src volume info
valid = 1  # volume info valid
filename = /scratch/tmp/fs_mp2rage_tests/sourcedata/freesurfer_mp2rage/sub-fsm54jc/mri/orig_nu.mgz
volume = 256 256 256
voxelsize = 1.000000000000000e+00 1.000000000000000e+00 1.000000000000000e+00
xras   = -1.000000000000000e+00 -5.529727786779404e-10 0.000000000000000e+00
yras   = -7.450580596923828e-09 0.000000000000000e+00 -1.000000000000000e+00
zras   = 5.238689482212067e-10 1.000000000000000e+00 -4.656612873077393e-10
cras   = 9.807357788085938e-01 3.039556884765625e+01 -1.333770751953125e+00
dst volume info
valid = 1  # volume info valid
filename = /opt/freesurfer/average/mni305.cor.mgz
volume = 256 256 256
voxelsize = 1.000000000000000e+00 1.000000000000000e+00 1.000000000000000e+00
xras   = -1.000000000000000e+00 0.000000000000000e+00 0.000000000000000e+00
yras   = 0.000000000000000e+00 0.000000000000000e+00 -1.000000000000000e+00
zras   = 0.000000000000000e+00 1.000000000000000e+00 0.000000000000000e+00
cras   = 0.000000000000000e+00 0.000000000000000e+00 0.000000000000000e+00
subject fsaverage
fscale 0.100000
