# transform file /scratch/tmp/fs_mp2rage_tests2/sourcedata/freesurfer_memprage/sub-fsm14pu/mri/transforms/cc_up.lta
# created by bpinsard on Sun Nov 24 12:01:41 2024

type      = 0 # LINEAR_VOX_TO_VOX
nxforms   = 1
mean      = 131.0000 104.0000 113.0000
sigma     = 10000.0000
1 4 4
9.976219534873962e-01 -1.050778105854988e-02 6.811755150556564e-02 -8.696197509765625e+00 
1.048337202519178e-02 9.999448060989380e-01 7.158038788475096e-04 4.355896759033203e+01 
-6.812131404876709e-02 0.000000000000000e+00 9.976770281791687e-01 3.615851593017578e+01 
0.000000000000000e+00 0.000000000000000e+00 0.000000000000000e+00 1.000000000000000e+00 
src volume info
valid = 1  # volume info valid
filename = /scratch/tmp/fs_mp2rage_tests2/sourcedata/freesurfer_memprage/sub-fsm14pu/mri/norm.mgz
volume = 256 256 256
voxelsize = 1.000000000000000e+00 1.000000000000000e+00 1.000000000000000e+00
xras   = -1.000000000000000e+00 -1.396983861923218e-09 0.000000000000000e+00
yras   = -1.862645149230957e-09 -2.980232238769531e-08 -1.000000000000000e+00
zras   = 1.396983861923218e-09 1.000000119209290e+00 2.980232238769531e-08
cras   = -3.543846130371094e+00 2.088469696044922e+01 -2.524929809570312e+01
dst volume info
valid = 1  # volume info valid
filename = /scratch/tmp/fs_mp2rage_tests2/sourcedata/freesurfer_memprage/sub-fsm14pu/mri/norm.mgz
volume = 256 256 256
voxelsize = 1.000000000000000e+00 1.000000000000000e+00 1.000000000000000e+00
xras   = -1.000000000000000e+00 -1.396983861923218e-09 0.000000000000000e+00
yras   = -1.862645149230957e-09 -2.980232238769531e-08 -1.000000000000000e+00
zras   = 1.396983861923218e-09 1.000000119209290e+00 2.980232238769531e-08
cras   = -3.543846130371094e+00 2.088469696044922e+01 -2.524929809570312e+01
