# transform file transforms/talairach.lta
# created by bpinsard on Sun Nov 24 08:21:13 2024

type      = 0 # LINEAR_VOX_TO_VOX
nxforms   = 1
mean      = 131.0000 104.0000 113.0000
sigma     = 10000.0000
1 4 4
1.009968042373657e+00 4.023467004299164e-02 1.054916083812714e-01 -2.197114562988281e+01 
-5.604179576039314e-02 1.051636815071106e+00 4.102810323238373e-01 -2.070676231384277e+01 
-9.295697510242462e-02 -2.293478846549988e-01 9.111591577529907e-01 4.392081451416016e+01 
0.000000000000000e+00 0.000000000000000e+00 0.000000000000000e+00 1.000000000000000e+00 
src volume info
valid = 1  # volume info valid
filename = nu.mgz
volume = 256 256 256
voxelsize = 1.000000000000000e+00 1.000000000000000e+00 1.000000000000000e+00
xras   = -1.000000000000000e+00 -1.396983861923218e-09 0.000000000000000e+00
yras   = -1.862645149230957e-09 -2.980232238769531e-08 -1.000000000000000e+00
zras   = 1.396983861923218e-09 1.000000119209290e+00 2.980232238769531e-08
cras   = -3.543846130371094e+00 2.088469696044922e+01 -2.524929809570312e+01
dst volume info
valid = 1  # volume info valid
filename = /opt/freesurfer/average/RB_all_2020-01-02.gca
volume = 256 256 256
voxelsize = 1.000000000000000e+00 1.000000000000000e+00 1.000000000000000e+00
xras   = -1.000000000000000e+00 0.000000000000000e+00 0.000000000000000e+00
yras   = 0.000000000000000e+00 0.000000000000000e+00 -1.000000000000000e+00
zras   = 0.000000000000000e+00 1.000000000000000e+00 0.000000000000000e+00
cras   = 0.000000000000000e+00 0.000000000000000e+00 0.000000000000000e+00
