type      = 0 # LINEAR_VOX_TO_VOX
nxforms   = 1
mean      = 0.0000 0.0000 0.0000
sigma     = 1.0000
1 4 4
1.035374045372009e+00 -8.497999981045723e-03 7.012400776147842e-02 -1.414138793945312e+01 
-3.523800149559975e-02 9.894980192184448e-01 4.106770157814026e-01 -1.598197937011719e+01 
-5.229400098323822e-02 -3.685570359230042e-01 9.136571288108826e-01 5.125321960449219e+01 
0.000000000000000e+00 0.000000000000000e+00 0.000000000000000e+00 1.000000000000000e+00 
src volume info
valid = 1  # volume info valid
filename = /scratch/tmp/fs_mp2rage_tests2/sourcedata/freesurfer_memprage/sub-fsm14pu/mri/orig.mgz
volume = 256 256 256
voxelsize = 1.000000000000000e+00 1.000000000000000e+00 1.000000000000000e+00
xras   = -1.000000000000000e+00 -1.396983861923218e-09 0.000000000000000e+00
yras   = -1.862645149230957e-09 -2.980232238769531e-08 -1.000000000000000e+00
zras   = 1.396983861923218e-09 1.000000119209290e+00 2.980232238769531e-08
cras   = -3.543846130371094e+00 2.088469696044922e+01 -2.524929809570312e+01
dst volume info
valid = 1  # volume info valid
filename = /opt/freesurfer/average/mni305.cor.mgz
volume = 256 256 256
voxelsize = 1.000000000000000e+00 1.000000000000000e+00 1.000000000000000e+00
xras   = -1.000000000000000e+00 0.000000000000000e+00 0.000000000000000e+00
yras   = 0.000000000000000e+00 0.000000000000000e+00 -1.000000000000000e+00
zras   = 0.000000000000000e+00 1.000000000000000e+00 0.000000000000000e+00
cras   = 0.000000000000000e+00 0.000000000000000e+00 0.000000000000000e+00
subject fsaverage
fscale 0.100000
