# transform file /scratch/tmp/fs_mp2rage_tests/sourcedata/freesurfer_mp2rage/sub-fsm39ap/mri/transforms/cc_up.lta
# created by bpinsard on Sun Nov 24 00:23:30 2024

type      = 0 # LINEAR_VOX_TO_VOX
nxforms   = 1
mean      = 129.0000 105.0000 103.0000
sigma     = 10000.0000
1 4 4
9.922519922256470e-01 1.233191192150116e-01 -1.511412952095270e-02 -1.026830959320068e+01 
-1.233048215508461e-01 9.923670887947083e-01 1.878197421319783e-03 6.154387283325195e+01 
1.523038279265165e-02 -1.164153218269348e-10 9.998840689659119e-01 4.102492904663086e+01 
0.000000000000000e+00 0.000000000000000e+00 0.000000000000000e+00 1.000000000000000e+00 
src volume info
valid = 1  # volume info valid
filename = /scratch/tmp/fs_mp2rage_tests/sourcedata/freesurfer_mp2rage/sub-fsm39ap/mri/norm.mgz
volume = 256 256 256
voxelsize = 1.000000000000000e+00 1.000000000000000e+00 1.000000000000000e+00
xras   = -1.000000000000000e+00 -1.862645149230957e-09 0.000000000000000e+00
yras   = -7.450580596923828e-09 7.450580596923828e-09 -1.000000000000000e+00
zras   = 0.000000000000000e+00 1.000000000000000e+00 0.000000000000000e+00
cras   = 6.289672851562500e-01 4.029370880126953e+01 -1.646720886230469e+01
dst volume info
valid = 1  # volume info valid
filename = /scratch/tmp/fs_mp2rage_tests/sourcedata/freesurfer_mp2rage/sub-fsm39ap/mri/norm.mgz
volume = 256 256 256
voxelsize = 1.000000000000000e+00 1.000000000000000e+00 1.000000000000000e+00
xras   = -1.000000000000000e+00 -1.862645149230957e-09 0.000000000000000e+00
yras   = -7.450580596923828e-09 7.450580596923828e-09 -1.000000000000000e+00
zras   = 0.000000000000000e+00 1.000000000000000e+00 0.000000000000000e+00
cras   = 6.289672851562500e-01 4.029370880126953e+01 -1.646720886230469e+01
