# transform file transforms/talairach.lta
# created by bpinsard on Sat Nov 23 18:00:23 2024

type      = 0 # LINEAR_VOX_TO_VOX
nxforms   = 1
mean      = 129.0000 107.0000 103.0000
sigma     = 10000.0000
1 4 4
1.084845423698425e+00 1.033165007829666e-01 2.218241617083549e-02 -2.746197319030762e+01 
-1.130250692367554e-01 1.041701674461365e+00 3.051205277442932e-01 1.304518699645996e+00 
7.175840437412262e-03 -2.800840735435486e-01 8.993588089942932e-01 4.810251617431641e+01 
0.000000000000000e+00 0.000000000000000e+00 0.000000000000000e+00 1.000000000000000e+00 
src volume info
valid = 1  # volume info valid
filename = nu.mgz
volume = 256 256 256
voxelsize = 1.000000000000000e+00 1.000000000000000e+00 1.000000000000000e+00
xras   = -1.000000000000000e+00 -1.862645149230957e-09 0.000000000000000e+00
yras   = -7.450580596923828e-09 7.450580596923828e-09 -1.000000000000000e+00
zras   = 0.000000000000000e+00 1.000000000000000e+00 0.000000000000000e+00
cras   = 6.289672851562500e-01 4.029370880126953e+01 -1.646720886230469e+01
dst volume info
valid = 1  # volume info valid
filename = /opt/freesurfer/average/RB_all_2020-01-02.gca
volume = 256 256 256
voxelsize = 1.000000000000000e+00 1.000000000000000e+00 1.000000000000000e+00
xras   = -1.000000000000000e+00 0.000000000000000e+00 0.000000000000000e+00
yras   = 0.000000000000000e+00 0.000000000000000e+00 -1.000000000000000e+00
zras   = 0.000000000000000e+00 1.000000000000000e+00 0.000000000000000e+00
cras   = 0.000000000000000e+00 0.000000000000000e+00 0.000000000000000e+00
