# transform file /scratch/tmp/fs_mp2rage_tests/sourcedata/freesurfer_mp2rage/sub-fsm57hp/mri/transforms/cc_up.lta
# created by bpinsard on Sun Nov 24 03:49:40 2024

type      = 0 # LINEAR_VOX_TO_VOX
nxforms   = 1
mean      = 129.0000 111.0000 101.0000
sigma     = 10000.0000
1 4 4
9.982464313507080e-01 -1.413944363594055e-02 5.748188495635986e-02 -4.337551593780518e+00 
1.411606092005968e-02 9.999000430107117e-01 8.128432091325521e-04 3.111913490295410e+01 
-5.748763307929039e-02 -5.820766091346741e-11 9.983462691307068e-01 6.758585357666016e+01 
0.000000000000000e+00 0.000000000000000e+00 0.000000000000000e+00 1.000000000000000e+00 
src volume info
valid = 1  # volume info valid
filename = /scratch/tmp/fs_mp2rage_tests/sourcedata/freesurfer_mp2rage/sub-fsm57hp/mri/norm.mgz
volume = 256 256 256
voxelsize = 1.000000000000000e+00 1.000000000000000e+00 1.000000000000000e+00
xras   = -1.000000000000000e+00 1.862645149230957e-09 9.313225746154785e-10
yras   = 9.313225746154785e-10 1.490116119384766e-08 -1.000000000000000e+00
zras   = 2.095475792884827e-09 1.000000000000000e+00 0.000000000000000e+00
cras   = -2.093276977539062e+00 4.305137634277344e+01 -3.005795288085938e+01
dst volume info
valid = 1  # volume info valid
filename = /scratch/tmp/fs_mp2rage_tests/sourcedata/freesurfer_mp2rage/sub-fsm57hp/mri/norm.mgz
volume = 256 256 256
voxelsize = 1.000000000000000e+00 1.000000000000000e+00 1.000000000000000e+00
xras   = -1.000000000000000e+00 1.862645149230957e-09 9.313225746154785e-10
yras   = 9.313225746154785e-10 1.490116119384766e-08 -1.000000000000000e+00
zras   = 2.095475792884827e-09 1.000000000000000e+00 0.000000000000000e+00
cras   = -2.093276977539062e+00 4.305137634277344e+01 -3.005795288085938e+01
