# transform file transforms/talairach.lta
# created by bpinsard on Sat Nov 23 18:05:19 2024

type      = 0 # LINEAR_VOX_TO_VOX
nxforms   = 1
mean      = 129.0000 110.0000 101.0000
sigma     = 10000.0000
1 4 4
1.051237821578979e+00 -1.914433762431145e-02 8.348807692527771e-02 -1.644128417968750e+01 
-8.226444944739342e-03 1.072744607925415e+00 3.451414704322815e-01 -2.523071098327637e+01 
-8.082351833581924e-02 -3.144790232181549e-01 9.264683127403259e-01 6.279966735839844e+01 
0.000000000000000e+00 0.000000000000000e+00 0.000000000000000e+00 1.000000000000000e+00 
src volume info
valid = 1  # volume info valid
filename = nu.mgz
volume = 256 256 256
voxelsize = 1.000000000000000e+00 1.000000000000000e+00 1.000000000000000e+00
xras   = -1.000000000000000e+00 1.862645149230957e-09 9.313225746154785e-10
yras   = 9.313225746154785e-10 1.490116119384766e-08 -1.000000000000000e+00
zras   = 2.095475792884827e-09 1.000000000000000e+00 0.000000000000000e+00
cras   = -2.093276977539062e+00 4.305137634277344e+01 -3.005795288085938e+01
dst volume info
valid = 1  # volume info valid
filename = /opt/freesurfer/average/RB_all_2020-01-02.gca
volume = 256 256 256
voxelsize = 1.000000000000000e+00 1.000000000000000e+00 1.000000000000000e+00
xras   = -1.000000000000000e+00 0.000000000000000e+00 0.000000000000000e+00
yras   = 0.000000000000000e+00 0.000000000000000e+00 -1.000000000000000e+00
zras   = 0.000000000000000e+00 1.000000000000000e+00 0.000000000000000e+00
cras   = 0.000000000000000e+00 0.000000000000000e+00 0.000000000000000e+00
