# transform file /scratch/tmp/fs_mp2rage_tests2/sourcedata/freesurfer_memprage/sub-fsm67lq/mri/transforms/cc_up.lta
# created by bpinsard on Sun Nov 24 22:27:57 2024

type      = 0 # LINEAR_VOX_TO_VOX
nxforms   = 1
mean      = 128.0000 92.0000 127.0000
sigma     = 10000.0000
1 4 4
9.996549487113953e-01 -2.551381662487984e-02 6.247234530746937e-03 2.196063995361328e+00 
2.551331929862499e-02 9.996744394302368e-01 1.594427012605593e-04 4.873894882202148e+01 
-6.249269004911184e-03 1.455191522836685e-11 9.999805092811584e-01 2.802362442016602e+00 
0.000000000000000e+00 0.000000000000000e+00 0.000000000000000e+00 1.000000000000000e+00 
src volume info
valid = 1  # volume info valid
filename = /scratch/tmp/fs_mp2rage_tests2/sourcedata/freesurfer_memprage/sub-fsm67lq/mri/norm.mgz
volume = 256 256 256
voxelsize = 1.000000000000000e+00 1.000000000000000e+00 1.000000000000000e+00
xras   = -9.999998807907104e-01 1.164153218269348e-10 -4.656612873077393e-10
yras   = 0.000000000000000e+00 0.000000000000000e+00 -9.999999403953552e-01
zras   = -1.164153218269348e-09 9.999999403953552e-01 0.000000000000000e+00
cras   = -1.647865295410156e+00 2.628668212890625e+01 -1.041023254394531e+01
dst volume info
valid = 1  # volume info valid
filename = /scratch/tmp/fs_mp2rage_tests2/sourcedata/freesurfer_memprage/sub-fsm67lq/mri/norm.mgz
volume = 256 256 256
voxelsize = 1.000000000000000e+00 1.000000000000000e+00 1.000000000000000e+00
xras   = -9.999998807907104e-01 1.164153218269348e-10 -4.656612873077393e-10
yras   = 0.000000000000000e+00 0.000000000000000e+00 -9.999999403953552e-01
zras   = -1.164153218269348e-09 9.999999403953552e-01 0.000000000000000e+00
cras   = -1.647865295410156e+00 2.628668212890625e+01 -1.041023254394531e+01
