# transform file transforms/talairach.lta
# created by bpinsard on Sun Nov 24 08:42:02 2024

type      = 0 # LINEAR_VOX_TO_VOX
nxforms   = 1
mean      = 128.0000 92.0000 127.0000
sigma     = 10000.0000
1 4 4
1.055943131446838e+00 1.938540861010551e-02 -3.401776775717735e-03 -1.093379020690918e+01 
-1.796471141278744e-02 1.225888371467590e+00 -1.512256711721420e-01 2.845323371887207e+01 
1.019794959574938e-03 1.341513842344284e-01 1.092208027839661e+00 -3.821660614013672e+01 
0.000000000000000e+00 0.000000000000000e+00 0.000000000000000e+00 1.000000000000000e+00 
src volume info
valid = 1  # volume info valid
filename = nu.mgz
volume = 256 256 256
voxelsize = 1.000000000000000e+00 1.000000000000000e+00 1.000000000000000e+00
xras   = -9.999998807907104e-01 1.164153218269348e-10 -4.656612873077393e-10
yras   = 0.000000000000000e+00 0.000000000000000e+00 -9.999999403953552e-01
zras   = -1.164153218269348e-09 9.999999403953552e-01 0.000000000000000e+00
cras   = -1.647865295410156e+00 2.628668212890625e+01 -1.041023254394531e+01
dst volume info
valid = 1  # volume info valid
filename = /opt/freesurfer/average/RB_all_2020-01-02.gca
volume = 256 256 256
voxelsize = 1.000000000000000e+00 1.000000000000000e+00 1.000000000000000e+00
xras   = -1.000000000000000e+00 0.000000000000000e+00 0.000000000000000e+00
yras   = 0.000000000000000e+00 0.000000000000000e+00 -1.000000000000000e+00
zras   = 0.000000000000000e+00 1.000000000000000e+00 0.000000000000000e+00
cras   = 0.000000000000000e+00 0.000000000000000e+00 0.000000000000000e+00
