# transform file /scratch/tmp/fs_mp2rage_tests/sourcedata/freesurfer_mp2rage/sub-fsm87qb/mri/transforms/cc_up.lta
# created by bpinsard on Sun Nov 24 09:52:00 2024

type      = 0 # LINEAR_VOX_TO_VOX
nxforms   = 1
mean      = 125.0000 100.0000 106.0000
sigma     = 10000.0000
1 4 4
9.955706596374512e-01 -9.366445243358612e-02 8.123356848955154e-03 1.077379703521729e+01 
9.366133064031601e-02 9.956037998199463e-01 7.642294513061643e-04 3.460950851440430e+01 
-8.159226737916470e-03 -5.820766091346741e-11 9.999666810035706e-01 2.902034378051758e+01 
0.000000000000000e+00 0.000000000000000e+00 0.000000000000000e+00 1.000000000000000e+00 
src volume info
valid = 1  # volume info valid
filename = /scratch/tmp/fs_mp2rage_tests/sourcedata/freesurfer_mp2rage/sub-fsm87qb/mri/norm.mgz
volume = 256 256 256
voxelsize = 1.000000000000000e+00 1.000000000000000e+00 1.000000000000000e+00
xras   = -1.000000000000000e+00 6.984919309616089e-10 -1.490116119384766e-08
yras   = 7.450580596923828e-09 1.862645149230957e-09 -1.000000119209290e+00
zras   = -9.313225746154785e-10 1.000000119209290e+00 0.000000000000000e+00
cras   = 7.629653930664062e+00 3.507964324951172e+01 -1.254351806640625e+01
dst volume info
valid = 1  # volume info valid
filename = /scratch/tmp/fs_mp2rage_tests/sourcedata/freesurfer_mp2rage/sub-fsm87qb/mri/norm.mgz
volume = 256 256 256
voxelsize = 1.000000000000000e+00 1.000000000000000e+00 1.000000000000000e+00
xras   = -1.000000000000000e+00 6.984919309616089e-10 -1.490116119384766e-08
yras   = 7.450580596923828e-09 1.862645149230957e-09 -1.000000119209290e+00
zras   = -9.313225746154785e-10 1.000000119209290e+00 0.000000000000000e+00
cras   = 7.629653930664062e+00 3.507964324951172e+01 -1.254351806640625e+01
