type      = 1 # LINEAR_RAS_TO_RAS
nxforms   = 1
mean      = 0.0000 0.0000 0.0000
sigma     = 1.0000
1 4 4
1.105677008628845e+00 -1.858999952673912e-03 -1.024670004844666e-01 -8.707901000976562e+00 
3.532999893650413e-03 1.089931964874268e+00 1.815489977598190e-01 -3.795742797851562e+01 
1.084159985184669e-01 -1.492069959640503e-01 1.234513998031616e+00 -1.645584106445312e+01 
0.000000000000000e+00 0.000000000000000e+00 0.000000000000000e+00 1.000000000000000e+00 
src volume info
valid = 1  # volume info valid
filename = /scratch/tmp/fs_mp2rage_tests/sourcedata/freesurfer_mp2rage/sub-fsm87qb/mri/orig_nu.mgz
volume = 256 256 256
voxelsize = 1.000000000000000e+00 1.000000000000000e+00 1.000000000000000e+00
xras   = -1.000000000000000e+00 6.984919309616089e-10 -1.490116119384766e-08
yras   = 7.450580596923828e-09 1.862645149230957e-09 -1.000000119209290e+00
zras   = -9.313225746154785e-10 1.000000119209290e+00 0.000000000000000e+00
cras   = 7.629653930664062e+00 3.507964324951172e+01 -1.254351806640625e+01
dst volume info
valid = 1  # volume info valid
filename = /opt/freesurfer/average/mni305.cor.mgz
volume = 256 256 256
voxelsize = 1.000000000000000e+00 1.000000000000000e+00 1.000000000000000e+00
xras   = -1.000000000000000e+00 0.000000000000000e+00 0.000000000000000e+00
yras   = 0.000000000000000e+00 0.000000000000000e+00 -1.000000000000000e+00
zras   = 0.000000000000000e+00 1.000000000000000e+00 0.000000000000000e+00
cras   = 0.000000000000000e+00 0.000000000000000e+00 0.000000000000000e+00
subject fsaverage
fscale 0.100000
