type      = 0 # LINEAR_VOX_TO_VOX
nxforms   = 1
mean      = 0.0000 0.0000 0.0000
sigma     = 1.0000
1 4 4
1.105677008628845e+00 -1.024670228362083e-01 1.859001233242452e-03 -1.596954345703125e+00 
1.084160134196281e-01 1.234514117240906e+00 1.492070108652115e-01 -2.664562988281250e+01 
-3.533001989126205e-03 -1.815490126609802e-01 1.089932084083557e+00 1.020587921142578e+01 
0.000000000000000e+00 0.000000000000000e+00 0.000000000000000e+00 1.000000000000000e+00 
src volume info
valid = 1  # volume info valid
filename = /scratch/tmp/fs_mp2rage_tests/sourcedata/freesurfer_mp2rage/sub-fsm87qb/mri/orig.mgz
volume = 256 256 256
voxelsize = 1.000000000000000e+00 1.000000000000000e+00 1.000000000000000e+00
xras   = -1.000000000000000e+00 6.984919309616089e-10 -1.490116119384766e-08
yras   = 7.450580596923828e-09 1.862645149230957e-09 -1.000000119209290e+00
zras   = -9.313225746154785e-10 1.000000119209290e+00 0.000000000000000e+00
cras   = 7.629653930664062e+00 3.507964324951172e+01 -1.254351806640625e+01
dst volume info
valid = 1  # volume info valid
filename = /opt/freesurfer/average/mni305.cor.mgz
volume = 256 256 256
voxelsize = 1.000000000000000e+00 1.000000000000000e+00 1.000000000000000e+00
xras   = -1.000000000000000e+00 0.000000000000000e+00 0.000000000000000e+00
yras   = 0.000000000000000e+00 0.000000000000000e+00 -1.000000000000000e+00
zras   = 0.000000000000000e+00 1.000000000000000e+00 0.000000000000000e+00
cras   = 0.000000000000000e+00 0.000000000000000e+00 0.000000000000000e+00
subject fsaverage
fscale 0.100000
