# transform file transforms/talairach.lta
# created by bpinsard on Sat Nov 23 18:10:55 2024

type      = 0 # LINEAR_VOX_TO_VOX
nxforms   = 1
mean      = 126.0000 100.0000 106.0000
sigma     = 10000.0000
1 4 4
1.132366657257080e+00 -4.952909424901009e-02 1.538685150444508e-02 -1.269036674499512e+01 
6.615026295185089e-02 1.209397435188293e+00 7.340294867753983e-02 -1.212410259246826e+01 
-1.610399596393108e-02 -7.164581865072250e-02 1.040702700614929e+00 6.749140739440918e+00 
0.000000000000000e+00 0.000000000000000e+00 0.000000000000000e+00 1.000000000000000e+00 
src volume info
valid = 1  # volume info valid
filename = nu.mgz
volume = 256 256 256
voxelsize = 1.000000000000000e+00 1.000000000000000e+00 1.000000000000000e+00
xras   = -1.000000000000000e+00 6.984919309616089e-10 -1.490116119384766e-08
yras   = 7.450580596923828e-09 1.862645149230957e-09 -1.000000119209290e+00
zras   = -9.313225746154785e-10 1.000000119209290e+00 0.000000000000000e+00
cras   = 7.629653930664062e+00 3.507964324951172e+01 -1.254351806640625e+01
dst volume info
valid = 1  # volume info valid
filename = /opt/freesurfer/average/RB_all_2020-01-02.gca
volume = 256 256 256
voxelsize = 1.000000000000000e+00 1.000000000000000e+00 1.000000000000000e+00
xras   = -1.000000000000000e+00 0.000000000000000e+00 0.000000000000000e+00
yras   = 0.000000000000000e+00 0.000000000000000e+00 -1.000000000000000e+00
zras   = 0.000000000000000e+00 1.000000000000000e+00 0.000000000000000e+00
cras   = 0.000000000000000e+00 0.000000000000000e+00 0.000000000000000e+00
