# transform file /scratch/tmp/fs_mp2rage_tests2/sourcedata/freesurfer_memprage/sub-fsm39ap/mri/transforms/cc_up.lta
# created by bpinsard on Sun Nov 24 15:57:09 2024

type      = 0 # LINEAR_VOX_TO_VOX
nxforms   = 1
mean      = 126.0000 108.0000 104.0000
sigma     = 10000.0000
1 4 4
9.913843870162964e-01 1.282075345516205e-01 -2.682683244347572e-02 -9.270824432373047e+00 
-1.281606107950211e-01 9.917473196983337e-01 3.468022448942065e-03 6.104661560058594e+01 
2.705006673932076e-02 0.000000000000000e+00 9.996340274810791e-01 3.351507568359375e+01 
0.000000000000000e+00 0.000000000000000e+00 0.000000000000000e+00 1.000000000000000e+00 
src volume info
valid = 1  # volume info valid
filename = /scratch/tmp/fs_mp2rage_tests2/sourcedata/freesurfer_memprage/sub-fsm39ap/mri/norm.mgz
volume = 256 256 256
voxelsize = 1.000000000000000e+00 1.000000000000000e+00 1.000000000000000e+00
xras   = -1.000000000000000e+00 -1.862645149230957e-09 0.000000000000000e+00
yras   = -7.450580596923828e-09 7.450580596923828e-09 -1.000000000000000e+00
zras   = 0.000000000000000e+00 1.000000000000000e+00 0.000000000000000e+00
cras   = 6.289215087890625e-01 4.029376220703125e+01 -1.646723937988281e+01
dst volume info
valid = 1  # volume info valid
filename = /scratch/tmp/fs_mp2rage_tests2/sourcedata/freesurfer_memprage/sub-fsm39ap/mri/norm.mgz
volume = 256 256 256
voxelsize = 1.000000000000000e+00 1.000000000000000e+00 1.000000000000000e+00
xras   = -1.000000000000000e+00 -1.862645149230957e-09 0.000000000000000e+00
yras   = -7.450580596923828e-09 7.450580596923828e-09 -1.000000000000000e+00
zras   = 0.000000000000000e+00 1.000000000000000e+00 0.000000000000000e+00
cras   = 6.289215087890625e-01 4.029376220703125e+01 -1.646723937988281e+01
