# transform file transforms/talairach.lta
# created by bpinsard on Sun Nov 24 08:29:14 2024

type      = 0 # LINEAR_VOX_TO_VOX
nxforms   = 1
mean      = 126.0000 107.0000 104.0000
sigma     = 10000.0000
1 4 4
1.054491877555847e+00 8.503209054470062e-02 -3.252559900283813e-02 -1.500910949707031e+01 
-8.490067720413208e-02 1.030347943305969e+00 3.023765981197357e-01 -4.039973735809326e+00 
5.065067112445831e-02 -2.692679166793823e-01 9.003459811210632e-01 4.175946426391602e+01 
0.000000000000000e+00 0.000000000000000e+00 0.000000000000000e+00 1.000000000000000e+00 
src volume info
valid = 1  # volume info valid
filename = nu.mgz
volume = 256 256 256
voxelsize = 1.000000000000000e+00 1.000000000000000e+00 1.000000000000000e+00
xras   = -1.000000000000000e+00 -1.862645149230957e-09 0.000000000000000e+00
yras   = -7.450580596923828e-09 7.450580596923828e-09 -1.000000000000000e+00
zras   = 0.000000000000000e+00 1.000000000000000e+00 0.000000000000000e+00
cras   = 6.289215087890625e-01 4.029376220703125e+01 -1.646723937988281e+01
dst volume info
valid = 1  # volume info valid
filename = /opt/freesurfer/average/RB_all_2020-01-02.gca
volume = 256 256 256
voxelsize = 1.000000000000000e+00 1.000000000000000e+00 1.000000000000000e+00
xras   = -1.000000000000000e+00 0.000000000000000e+00 0.000000000000000e+00
yras   = 0.000000000000000e+00 0.000000000000000e+00 -1.000000000000000e+00
zras   = 0.000000000000000e+00 1.000000000000000e+00 0.000000000000000e+00
cras   = 0.000000000000000e+00 0.000000000000000e+00 0.000000000000000e+00
