# transform file /scratch/tmp/fs_mp2rage_tests2/sourcedata/freesurfer_memprage/sub-fsm08un/mri/transforms/cc_up.lta
# created by bpinsard on Sun Nov 24 12:00:55 2024

type      = 0 # LINEAR_VOX_TO_VOX
nxforms   = 1
mean      = 128.0000 101.0000 105.0000
sigma     = 10000.0000
1 4 4
9.997472167015076e-01 -1.983068324625492e-02 -1.060379855334759e-02 2.779971122741699e+00 
1.982956752181053e-02 9.998034238815308e-01 -2.103219158016145e-04 5.350215148925781e+01 
1.060588378459215e-02 0.000000000000000e+00 9.999438524246216e-01 3.165110397338867e+01 
0.000000000000000e+00 0.000000000000000e+00 0.000000000000000e+00 1.000000000000000e+00 
src volume info
valid = 1  # volume info valid
filename = /scratch/tmp/fs_mp2rage_tests2/sourcedata/freesurfer_memprage/sub-fsm08un/mri/norm.mgz
volume = 256 256 256
voxelsize = 1.000000000000000e+00 1.000000000000000e+00 1.000000000000000e+00
xras   = -1.000000119209290e+00 -1.746229827404022e-10 0.000000000000000e+00
yras   = 0.000000000000000e+00 0.000000000000000e+00 -1.000000119209290e+00
zras   = -7.566995918750763e-10 1.000000000000000e+00 0.000000000000000e+00
cras   = 1.088349914550781e+01 3.644396972656250e+01 -2.032363891601562e+01
dst volume info
valid = 1  # volume info valid
filename = /scratch/tmp/fs_mp2rage_tests2/sourcedata/freesurfer_memprage/sub-fsm08un/mri/norm.mgz
volume = 256 256 256
voxelsize = 1.000000000000000e+00 1.000000000000000e+00 1.000000000000000e+00
xras   = -1.000000119209290e+00 -1.746229827404022e-10 0.000000000000000e+00
yras   = 0.000000000000000e+00 0.000000000000000e+00 -1.000000119209290e+00
zras   = -7.566995918750763e-10 1.000000000000000e+00 0.000000000000000e+00
cras   = 1.088349914550781e+01 3.644396972656250e+01 -2.032363891601562e+01
