# transform file transforms/talairach.lta
# created by bpinsard on Sun Nov 24 08:18:50 2024

type      = 0 # LINEAR_VOX_TO_VOX
nxforms   = 1
mean      = 129.0000 102.0000 105.0000
sigma     = 10000.0000
1 4 4
9.658863544464111e-01 0.000000000000000e+00 0.000000000000000e+00 1.783867835998535e+00 
0.000000000000000e+00 1.185078978538513e+00 1.200821101665497e-01 -6.413831710815430e+00 
0.000000000000000e+00 -1.222502663731575e-01 9.373638033866882e-01 2.349625587463379e+01 
0.000000000000000e+00 0.000000000000000e+00 0.000000000000000e+00 1.000000000000000e+00 
src volume info
valid = 1  # volume info valid
filename = nu.mgz
volume = 256 256 256
voxelsize = 1.000000000000000e+00 1.000000000000000e+00 1.000000000000000e+00
xras   = -1.000000119209290e+00 -1.746229827404022e-10 0.000000000000000e+00
yras   = 0.000000000000000e+00 0.000000000000000e+00 -1.000000119209290e+00
zras   = -7.566995918750763e-10 1.000000000000000e+00 0.000000000000000e+00
cras   = 1.088349914550781e+01 3.644396972656250e+01 -2.032363891601562e+01
dst volume info
valid = 1  # volume info valid
filename = /opt/freesurfer/average/RB_all_2020-01-02.gca
volume = 256 256 256
voxelsize = 1.000000000000000e+00 1.000000000000000e+00 1.000000000000000e+00
xras   = -1.000000000000000e+00 0.000000000000000e+00 0.000000000000000e+00
yras   = 0.000000000000000e+00 0.000000000000000e+00 -1.000000000000000e+00
zras   = 0.000000000000000e+00 1.000000000000000e+00 0.000000000000000e+00
cras   = 0.000000000000000e+00 0.000000000000000e+00 0.000000000000000e+00
