# transform file /scratch/tmp/fs_mp2rage_tests2/sourcedata/freesurfer_memprage/sub-fsm66oo/mri/transforms/cc_up.lta
# created by bpinsard on Sun Nov 24 22:30:53 2024

type      = 0 # LINEAR_VOX_TO_VOX
nxforms   = 1
mean      = 128.0000 102.0000 110.0000
sigma     = 10000.0000
1 4 4
9.990931153297424e-01 3.667313605546951e-02 -2.163885347545147e-02 -1.817560195922852e-01 
-3.666453808546066e-02 9.993274211883545e-01 7.940987707115710e-04 4.468145751953125e+01 
2.165341936051846e-02 0.000000000000000e+00 9.997656345367432e-01 2.024555206298828e+01 
0.000000000000000e+00 0.000000000000000e+00 0.000000000000000e+00 1.000000000000000e+00 
src volume info
valid = 1  # volume info valid
filename = /scratch/tmp/fs_mp2rage_tests2/sourcedata/freesurfer_memprage/sub-fsm66oo/mri/norm.mgz
volume = 256 256 256
voxelsize = 1.000000000000000e+00 1.000000000000000e+00 1.000000000000000e+00
xras   = -1.000000000000000e+00 -1.746229827404022e-09 0.000000000000000e+00
yras   = 0.000000000000000e+00 0.000000000000000e+00 -9.999999403953552e-01
zras   = -1.164153218269348e-10 9.999999403953552e-01 0.000000000000000e+00
cras   = 4.854217529296875e+00 2.847398376464844e+01 -1.839113616943359e+01
dst volume info
valid = 1  # volume info valid
filename = /scratch/tmp/fs_mp2rage_tests2/sourcedata/freesurfer_memprage/sub-fsm66oo/mri/norm.mgz
volume = 256 256 256
voxelsize = 1.000000000000000e+00 1.000000000000000e+00 1.000000000000000e+00
xras   = -1.000000000000000e+00 -1.746229827404022e-09 0.000000000000000e+00
yras   = 0.000000000000000e+00 0.000000000000000e+00 -9.999999403953552e-01
zras   = -1.164153218269348e-10 9.999999403953552e-01 0.000000000000000e+00
cras   = 4.854217529296875e+00 2.847398376464844e+01 -1.839113616943359e+01
