# transform file /scratch/tmp/fs_mp2rage_tests2/sourcedata/freesurfer_memprage/sub-fsm27uz/mri/transforms/cc_up.lta
# created by bpinsard on Sun Nov 24 15:36:44 2024

type      = 0 # LINEAR_VOX_TO_VOX
nxforms   = 1
mean      = 130.0000 97.0000 122.0000
sigma     = 10000.0000
1 4 4
9.963318705558777e-01 5.431199446320534e-02 -6.613002717494965e-02 1.808065772056580e+00 
-5.419275537133217e-02 9.985240697860718e-01 3.596962429583073e-03 5.875152206420898e+01 
6.622777879238129e-02 0.000000000000000e+00 9.978046417236328e-01 1.626556277275085e+00 
0.000000000000000e+00 0.000000000000000e+00 0.000000000000000e+00 1.000000000000000e+00 
src volume info
valid = 1  # volume info valid
filename = /scratch/tmp/fs_mp2rage_tests2/sourcedata/freesurfer_memprage/sub-fsm27uz/mri/norm.mgz
volume = 256 256 256
voxelsize = 1.000000000000000e+00 1.000000000000000e+00 1.000000000000000e+00
xras   = -1.000000119209290e+00 -2.328306436538696e-10 0.000000000000000e+00
yras   = 0.000000000000000e+00 0.000000000000000e+00 -1.000000119209290e+00
zras   = 2.328306436538696e-10 1.000000119209290e+00 0.000000000000000e+00
cras   = 1.592620849609375e+00 2.345535278320312e+01 -1.072251892089844e+01
dst volume info
valid = 1  # volume info valid
filename = /scratch/tmp/fs_mp2rage_tests2/sourcedata/freesurfer_memprage/sub-fsm27uz/mri/norm.mgz
volume = 256 256 256
voxelsize = 1.000000000000000e+00 1.000000000000000e+00 1.000000000000000e+00
xras   = -1.000000119209290e+00 -2.328306436538696e-10 0.000000000000000e+00
yras   = 0.000000000000000e+00 0.000000000000000e+00 -1.000000119209290e+00
zras   = 2.328306436538696e-10 1.000000119209290e+00 0.000000000000000e+00
cras   = 1.592620849609375e+00 2.345535278320312e+01 -1.072251892089844e+01
