# transform file transforms/talairach.lta
# created by bpinsard on Sun Nov 24 08:29:58 2024

type      = 0 # LINEAR_VOX_TO_VOX
nxforms   = 1
mean      = 130.0000 97.0000 122.0000
sigma     = 10000.0000
1 4 4
1.038512706756592e+00 4.182862490415573e-02 -8.048845827579498e-02 -2.524110794067383e+00 
-3.524912148714066e-02 1.130085468292236e+00 5.390523746609688e-02 1.210041332244873e+01 
7.833732664585114e-02 -4.788306355476379e-02 9.605829715728760e-01 -1.090546035766602e+01 
0.000000000000000e+00 0.000000000000000e+00 0.000000000000000e+00 1.000000000000000e+00 
src volume info
valid = 1  # volume info valid
filename = nu.mgz
volume = 256 256 256
voxelsize = 1.000000000000000e+00 1.000000000000000e+00 1.000000000000000e+00
xras   = -1.000000119209290e+00 -2.328306436538696e-10 0.000000000000000e+00
yras   = 0.000000000000000e+00 0.000000000000000e+00 -1.000000119209290e+00
zras   = 2.328306436538696e-10 1.000000119209290e+00 0.000000000000000e+00
cras   = 1.592620849609375e+00 2.345535278320312e+01 -1.072251892089844e+01
dst volume info
valid = 1  # volume info valid
filename = /opt/freesurfer/average/RB_all_2020-01-02.gca
volume = 256 256 256
voxelsize = 1.000000000000000e+00 1.000000000000000e+00 1.000000000000000e+00
xras   = -1.000000000000000e+00 0.000000000000000e+00 0.000000000000000e+00
yras   = 0.000000000000000e+00 0.000000000000000e+00 -1.000000000000000e+00
zras   = 0.000000000000000e+00 1.000000000000000e+00 0.000000000000000e+00
cras   = 0.000000000000000e+00 0.000000000000000e+00 0.000000000000000e+00
