# transform file /scratch/tmp/fs_mp2rage_tests/sourcedata/freesurfer_mp2rage/sub-fsm21em/mri/transforms/cc_up.lta
# created by bpinsard on Sat Nov 23 21:02:05 2024

type      = 0 # LINEAR_VOX_TO_VOX
nxforms   = 1
mean      = 129.0000 107.0000 108.0000
sigma     = 10000.0000
1 4 4
9.927931427955627e-01 -7.871681451797485e-02 9.036282449960709e-02 -4.753349423408508e-01 
7.839276641607285e-02 9.968970417976379e-01 7.135214284062386e-03 2.665106582641602e+01 
-9.064409136772156e-02 0.000000000000000e+00 9.958833456039429e-01 4.590422058105469e+01 
0.000000000000000e+00 0.000000000000000e+00 0.000000000000000e+00 1.000000000000000e+00 
src volume info
valid = 1  # volume info valid
filename = /scratch/tmp/fs_mp2rage_tests/sourcedata/freesurfer_mp2rage/sub-fsm21em/mri/norm.mgz
volume = 256 256 256
voxelsize = 1.000000000000000e+00 1.000000000000000e+00 1.000000000000000e+00
xras   = -1.000000000000000e+00 3.376044332981110e-09 -7.450580596923828e-09
yras   = -7.450580596923828e-09 0.000000000000000e+00 -1.000000000000000e+00
zras   = -3.492459654808044e-09 1.000000000000000e+00 -1.862645149230957e-09
cras   = 6.414855957031250e+00 2.651145935058594e+01 -7.943168640136719e+00
dst volume info
valid = 1  # volume info valid
filename = /scratch/tmp/fs_mp2rage_tests/sourcedata/freesurfer_mp2rage/sub-fsm21em/mri/norm.mgz
volume = 256 256 256
voxelsize = 1.000000000000000e+00 1.000000000000000e+00 1.000000000000000e+00
xras   = -1.000000000000000e+00 3.376044332981110e-09 -7.450580596923828e-09
yras   = -7.450580596923828e-09 0.000000000000000e+00 -1.000000000000000e+00
zras   = -3.492459654808044e-09 1.000000000000000e+00 -1.862645149230957e-09
cras   = 6.414855957031250e+00 2.651145935058594e+01 -7.943168640136719e+00
