type      = 1 # LINEAR_RAS_TO_RAS
nxforms   = 1
mean      = 0.0000 0.0000 0.0000
sigma     = 1.0000
1 4 4
1.057165980339050e+00 -9.831599891185760e-02 -9.243299812078476e-02 -5.349578857421875e+00 
1.176349967718124e-01 9.723129868507385e-01 1.262670010328293e-01 -2.538992309570312e+01 
6.572400033473969e-02 -1.464570015668869e-01 1.090136051177979e+00 -1.344828796386719e+01 
0.000000000000000e+00 0.000000000000000e+00 0.000000000000000e+00 1.000000000000000e+00 
src volume info
valid = 1  # volume info valid
filename = /scratch/tmp/fs_mp2rage_tests/sourcedata/freesurfer_mp2rage/sub-fsm21em/mri/orig_nu.mgz
volume = 256 256 256
voxelsize = 1.000000000000000e+00 1.000000000000000e+00 1.000000000000000e+00
xras   = -1.000000000000000e+00 3.376044332981110e-09 -7.450580596923828e-09
yras   = -7.450580596923828e-09 0.000000000000000e+00 -1.000000000000000e+00
zras   = -3.492459654808044e-09 1.000000000000000e+00 -1.862645149230957e-09
cras   = 6.414855957031250e+00 2.651145935058594e+01 -7.943168640136719e+00
dst volume info
valid = 1  # volume info valid
filename = /opt/freesurfer/average/mni305.cor.mgz
volume = 256 256 256
voxelsize = 1.000000000000000e+00 1.000000000000000e+00 1.000000000000000e+00
xras   = -1.000000000000000e+00 0.000000000000000e+00 0.000000000000000e+00
yras   = 0.000000000000000e+00 0.000000000000000e+00 -1.000000000000000e+00
zras   = 0.000000000000000e+00 1.000000000000000e+00 0.000000000000000e+00
cras   = 0.000000000000000e+00 0.000000000000000e+00 0.000000000000000e+00
subject fsaverage
fscale 0.100000
