# transform file transforms/talairach.lta
# created by bpinsard on Sat Nov 23 17:52:38 2024

type      = 0 # LINEAR_VOX_TO_VOX
nxforms   = 1
mean      = 129.0000 106.0000 108.0000
sigma     = 10000.0000
1 4 4
1.072480201721191e+00 -1.102716326713562e-01 6.035619974136353e-02 -5.558982849121094e+00 
7.653035223484039e-02 1.125907659530640e+00 1.547994613647461e-01 -1.824483680725098e+01 
-5.749168246984482e-02 -1.694402843713760e-01 9.520435333251953e-01 3.386643218994141e+01 
0.000000000000000e+00 0.000000000000000e+00 0.000000000000000e+00 1.000000000000000e+00 
src volume info
valid = 1  # volume info valid
filename = nu.mgz
volume = 256 256 256
voxelsize = 1.000000000000000e+00 1.000000000000000e+00 1.000000000000000e+00
xras   = -1.000000000000000e+00 3.376044332981110e-09 -7.450580596923828e-09
yras   = -7.450580596923828e-09 0.000000000000000e+00 -1.000000000000000e+00
zras   = -3.492459654808044e-09 1.000000000000000e+00 -1.862645149230957e-09
cras   = 6.414855957031250e+00 2.651145935058594e+01 -7.943168640136719e+00
dst volume info
valid = 1  # volume info valid
filename = /opt/freesurfer/average/RB_all_2020-01-02.gca
volume = 256 256 256
voxelsize = 1.000000000000000e+00 1.000000000000000e+00 1.000000000000000e+00
xras   = -1.000000000000000e+00 0.000000000000000e+00 0.000000000000000e+00
yras   = 0.000000000000000e+00 0.000000000000000e+00 -1.000000000000000e+00
zras   = 0.000000000000000e+00 1.000000000000000e+00 0.000000000000000e+00
cras   = 0.000000000000000e+00 0.000000000000000e+00 0.000000000000000e+00
