# transform file /scratch/tmp/fs_mp2rage_tests2/sourcedata/freesurfer_memprage/sub-fsm85fp/mri/transforms/cc_up.lta
# created by bpinsard on Mon Nov 25 02:29:36 2024

type      = 0 # LINEAR_VOX_TO_VOX
nxforms   = 1
mean      = 128.0000 97.0000 121.0000
sigma     = 10000.0000
1 4 4
9.994792342185974e-01 -2.264902926981449e-02 2.298727817833424e-02 -2.414560467004776e-01 
2.264304086565971e-02 9.997435212135315e-01 5.207731155678630e-04 4.607443618774414e+01 
-2.299317531287670e-02 0.000000000000000e+00 9.997356534004211e-01 1.896175956726074e+01 
0.000000000000000e+00 0.000000000000000e+00 0.000000000000000e+00 1.000000000000000e+00 
src volume info
valid = 1  # volume info valid
filename = /scratch/tmp/fs_mp2rage_tests2/sourcedata/freesurfer_memprage/sub-fsm85fp/mri/norm.mgz
volume = 256 256 256
voxelsize = 1.000000000000000e+00 1.000000000000000e+00 1.000000000000000e+00
xras   = -1.000000000000000e+00 -3.783497959375381e-10 -4.656612873077393e-10
yras   = 0.000000000000000e+00 0.000000000000000e+00 -1.000000000000000e+00
zras   = 2.240994945168495e-09 1.000000119209290e+00 0.000000000000000e+00
cras   = 2.958656311035156e+00 2.096170043945312e+01 -2.416879272460938e+01
dst volume info
valid = 1  # volume info valid
filename = /scratch/tmp/fs_mp2rage_tests2/sourcedata/freesurfer_memprage/sub-fsm85fp/mri/norm.mgz
volume = 256 256 256
voxelsize = 1.000000000000000e+00 1.000000000000000e+00 1.000000000000000e+00
xras   = -1.000000000000000e+00 -3.783497959375381e-10 -4.656612873077393e-10
yras   = 0.000000000000000e+00 0.000000000000000e+00 -1.000000000000000e+00
zras   = 2.240994945168495e-09 1.000000119209290e+00 0.000000000000000e+00
cras   = 2.958656311035156e+00 2.096170043945312e+01 -2.416879272460938e+01
