# transform file transforms/talairach.lta
# created by bpinsard on Sun Nov 24 08:45:37 2024

type      = 0 # LINEAR_VOX_TO_VOX
nxforms   = 1
mean      = 128.0000 98.0000 121.0000
sigma     = 10000.0000
1 4 4
1.054630637168884e+00 -1.291015301831067e-03 2.088760584592819e-02 -9.743873596191406e+00 
6.070063100196421e-04 1.073369860649109e+00 6.473099440336227e-02 1.100813674926758e+01 
-2.830363251268864e-02 -3.395017981529236e-02 9.373835921287537e-01 7.012990951538086e+00 
0.000000000000000e+00 0.000000000000000e+00 0.000000000000000e+00 1.000000000000000e+00 
src volume info
valid = 1  # volume info valid
filename = nu.mgz
volume = 256 256 256
voxelsize = 1.000000000000000e+00 1.000000000000000e+00 1.000000000000000e+00
xras   = -1.000000000000000e+00 -3.783497959375381e-10 -4.656612873077393e-10
yras   = 0.000000000000000e+00 0.000000000000000e+00 -1.000000000000000e+00
zras   = 2.240994945168495e-09 1.000000119209290e+00 0.000000000000000e+00
cras   = 2.958656311035156e+00 2.096170043945312e+01 -2.416879272460938e+01
dst volume info
valid = 1  # volume info valid
filename = /opt/freesurfer/average/RB_all_2020-01-02.gca
volume = 256 256 256
voxelsize = 1.000000000000000e+00 1.000000000000000e+00 1.000000000000000e+00
xras   = -1.000000000000000e+00 0.000000000000000e+00 0.000000000000000e+00
yras   = 0.000000000000000e+00 0.000000000000000e+00 -1.000000000000000e+00
zras   = 0.000000000000000e+00 1.000000000000000e+00 0.000000000000000e+00
cras   = 0.000000000000000e+00 0.000000000000000e+00 0.000000000000000e+00
