# transform file /scratch/tmp/fs_mp2rage_tests/sourcedata/freesurfer_mp2rage/sub-fsm66oo/mri/transforms/cc_up.lta
# created by bpinsard on Sun Nov 24 03:56:14 2024

type      = 0 # LINEAR_VOX_TO_VOX
nxforms   = 1
mean      = 129.0000 104.0000 108.0000
sigma     = 10000.0000
1 4 4
9.983609318733215e-01 5.510963127017021e-02 -1.544611807912588e-02 -4.225923538208008e+00 
-5.510303750634193e-02 9.984803795814514e-01 8.525253506377339e-04 4.616255950927734e+01 
1.546962745487690e-02 0.000000000000000e+00 9.998804330825806e-01 3.101578521728516e+01 
0.000000000000000e+00 0.000000000000000e+00 0.000000000000000e+00 1.000000000000000e+00 
src volume info
valid = 1  # volume info valid
filename = /scratch/tmp/fs_mp2rage_tests/sourcedata/freesurfer_mp2rage/sub-fsm66oo/mri/norm.mgz
volume = 256 256 256
voxelsize = 1.000000000000000e+00 1.000000000000000e+00 1.000000000000000e+00
xras   = -1.000000000000000e+00 -1.746229827404022e-09 0.000000000000000e+00
yras   = 0.000000000000000e+00 0.000000000000000e+00 -9.999999403953552e-01
zras   = -1.164153218269348e-10 9.999999403953552e-01 0.000000000000000e+00
cras   = 4.854240417480469e+00 2.847396850585938e+01 -1.839112091064453e+01
dst volume info
valid = 1  # volume info valid
filename = /scratch/tmp/fs_mp2rage_tests/sourcedata/freesurfer_mp2rage/sub-fsm66oo/mri/norm.mgz
volume = 256 256 256
voxelsize = 1.000000000000000e+00 1.000000000000000e+00 1.000000000000000e+00
xras   = -1.000000000000000e+00 -1.746229827404022e-09 0.000000000000000e+00
yras   = 0.000000000000000e+00 0.000000000000000e+00 -9.999999403953552e-01
zras   = -1.164153218269348e-10 9.999999403953552e-01 0.000000000000000e+00
cras   = 4.854240417480469e+00 2.847396850585938e+01 -1.839112091064453e+01
