# transform file /scratch/tmp/fs_mp2rage_tests2/sourcedata/freesurfer_memprage/sub-fsm96ry/mri/transforms/cc_up.lta
# created by bpinsard on Mon Nov 25 03:48:45 2024

type      = 0 # LINEAR_VOX_TO_VOX
nxforms   = 1
mean      = 128.0000 111.0000 100.0000
sigma     = 10000.0000
1 4 4
9.908638596534729e-01 1.189949586987495e-01 -6.347476691007614e-02 -5.436920166015625e+00 
-1.187515482306480e-01 9.928948879241943e-01 7.607227656990290e-03 4.327635192871094e+01 
6.392899155616760e-02 0.000000000000000e+00 9.979544878005981e-01 2.095566558837891e+01 
0.000000000000000e+00 0.000000000000000e+00 0.000000000000000e+00 1.000000000000000e+00 
src volume info
valid = 1  # volume info valid
filename = /scratch/tmp/fs_mp2rage_tests2/sourcedata/freesurfer_memprage/sub-fsm96ry/mri/norm.mgz
volume = 256 256 256
voxelsize = 1.000000000000000e+00 1.000000000000000e+00 1.000000000000000e+00
xras   = -1.000000000000000e+00 -2.793967723846436e-09 0.000000000000000e+00
yras   = 0.000000000000000e+00 -1.490116119384766e-08 -1.000000000000000e+00
zras   = -2.793967723846436e-09 1.000000000000000e+00 -1.490116119384766e-08
cras   = -1.222671508789062e+00 3.346995544433594e+01 -2.037036132812500e+01
dst volume info
valid = 1  # volume info valid
filename = /scratch/tmp/fs_mp2rage_tests2/sourcedata/freesurfer_memprage/sub-fsm96ry/mri/norm.mgz
volume = 256 256 256
voxelsize = 1.000000000000000e+00 1.000000000000000e+00 1.000000000000000e+00
xras   = -1.000000000000000e+00 -2.793967723846436e-09 0.000000000000000e+00
yras   = 0.000000000000000e+00 -1.490116119384766e-08 -1.000000000000000e+00
zras   = -2.793967723846436e-09 1.000000000000000e+00 -1.490116119384766e-08
cras   = -1.222671508789062e+00 3.346995544433594e+01 -2.037036132812500e+01
