type      = 0 # LINEAR_VOX_TO_VOX
nxforms   = 1
mean      = 0.0000 0.0000 0.0000
sigma     = 1.0000
1 4 4
9.762380123138428e-01 9.175500273704529e-02 -4.055999591946602e-02 -4.471923828125000e+00 
-9.349899739027023e-02 1.039983034133911e+00 3.521340191364288e-01 -1.113240051269531e+01 
4.819399490952492e-02 -3.567990064620972e-01 9.085040092468262e-01 5.011824035644531e+01 
0.000000000000000e+00 0.000000000000000e+00 0.000000000000000e+00 1.000000000000000e+00 
src volume info
valid = 1  # volume info valid
filename = /scratch/tmp/fs_mp2rage_tests2/sourcedata/freesurfer_memprage/sub-fsm96ry/mri/orig.mgz
volume = 256 256 256
voxelsize = 1.000000000000000e+00 1.000000000000000e+00 1.000000000000000e+00
xras   = -1.000000000000000e+00 -2.793967723846436e-09 0.000000000000000e+00
yras   = 0.000000000000000e+00 -1.490116119384766e-08 -1.000000000000000e+00
zras   = -2.793967723846436e-09 1.000000000000000e+00 -1.490116119384766e-08
cras   = -1.222671508789062e+00 3.346995544433594e+01 -2.037036132812500e+01
dst volume info
valid = 1  # volume info valid
filename = /opt/freesurfer/average/mni305.cor.mgz
volume = 256 256 256
voxelsize = 1.000000000000000e+00 1.000000000000000e+00 1.000000000000000e+00
xras   = -1.000000000000000e+00 0.000000000000000e+00 0.000000000000000e+00
yras   = 0.000000000000000e+00 0.000000000000000e+00 -1.000000000000000e+00
zras   = 0.000000000000000e+00 1.000000000000000e+00 0.000000000000000e+00
cras   = 0.000000000000000e+00 0.000000000000000e+00 0.000000000000000e+00
subject fsaverage
fscale 0.100000
